1,2.1052817924569744
2,2.085697552182899
3,2.0629814151354555
4,2.0421470671859625
5,2.0257450625717013
6,2.0143624626561722
7,2.007364726826265
8,2.0035982458602355
9,2.001889198069796
10,2.0013032167211726
11,2.0012166892655383
12,2.0012786450146187
13,2.001330860159145
14,2.001328389430587
15,2.001279426522525
16,2.0012080279260736
17,2.00113558945388
18,2.0010746740388137
19,2.0010293997435444
20,2.0009983084648253
21,2.0009773927870578
22,2.000962291801353
23,2.000949480417912
24,2.0009366613878283
25,2.000922673386051
26,2.0009071874357156
27,2.0008903725879708
28,2.0008726233272744
29,2.0008543774142877
30,2.000836016599524
31,2.000817827855485
32,2.0008000013123484
33,2.0007826459535822
34,2.0007658106570774
35,2.000749503879164
36,2.0007337092845185
37,2.0007183969506843
38,2.000703530839976
39,2.0006890735177985
40,2.000674988997469
41,2.000661244363962
42,2.000647810607895
43,2.0006346629379586
44,2.000621780738907
45,2.0006091472874474
46,2.000596749310899
47,2.000584576458314
48,2.0005726207421097
49,2.00056087599629
50,2.0005493373845615
51,2.0005380009789877
52,2.000526863418461
53,2.000515921647191
54,2.000505172726932
55,2.0004946137127075
56,2.0004842415800685
57,2.0004740531917204
58,2.000464045292368
59,2.0004542145221476
60,2.000444557440909
61,2.000435070557409
62,2.0004257503591916
63,2.0004165933403204
64,2.000407596025347
65,2.0003987549887206
66,2.0003900668695116
67,2.000381528381736
68,2.0003731363208277
69,2.0003648875669087
70,2.000356779085563
71,2.0003488079267564
72,2.0003409712224856
73,2.000333266183645
74,2.000325690096485
75,2.0003182403189577
76,2.0003109142771467
77,2.000303709461911
78,2.000296623425819
79,2.0002896537803885
80,2.000282798193649
81,2.000276054387988
82,2.000269420138249
83,2.00026289327005
84,2.000256471658277
85,2.000250153225712
86,2.000243935941772
87,2.000237817821328
88,2.0002317969235808
89,2.0002258713509846
90,2.000220039248195
91,2.0002142988010507
92,2.0002086482355685
93,2.000203085816957
94,2.0001976098486542
95,2.00019221867137
96,2.0001869106621597
97,2.0001816842335107
98,2.000176537832446
99,2.000171469939662
100,2.000166479068671
101,2.0001615637649803
102,2.0001567226052908
103,2.0001519541967125
104,2.0001472571760104
105,2.0001426302088676
106,2.0001380719891713
107,2.0001335812383196
108,2.00012915670455
109,2.000124797162284
110,2.000120501411495
111,2.000116268277088
112,2.000112096608305
113,2.00010798527814
114,2.000103933182772
115,2.0000999392410193
116,2.0000960023937986
117,2.000092121603606
118,2.000088295854012
119,2.000084524149166
120,2.000080805513318
121,2.00007713899035
122,2.000073523643324
123,2.000069958554036
124,2.000066442822588
125,2.000062975566966
126,2.0000595559226344
127,2.0000561830421333
128,2.0000528560946975
129,2.000049574265872
130,2.0000463367571504
131,2.0000431427856125
132,2.0000399915835767
133,2.0000368823982617
134,2.00003381449145
135,2.0000307871391727
136,2.0000277996313853
137,2.0000248512716703
138,2.0000219413769296
139,2.000019069277098
140,2.0000162343148578
141,2.0000134358453603
142,2.0000106732359577
143,2.0000079458659354
144,2.0000052531262575
145,2.000002594419317
146,1.999999969158687
147,1.9999973767688846
148,1.9999948166851387
149,1.9999922883531587
150,1.999989791228916
151,1.9999873247784263
152,1.9999848884775377
153,1.9999824818117249
154,1.9999801042758862
155,1.9999777553741482
156,1.9999754346196754
157,1.9999731415344777
158,1.9999708756492318
159,1.9999686365031004
160,1.9999664236435564
161,1.9999642366262158
162,1.999962075014666
163,1.9999599383803084
164,1.9999578263021947
165,1.9999557383668733
166,1.9999536741682387
167,1.9999516333073801
168,1.9999496153924383
169,1.9999476200384643
170,1.9999456468672798
171,1.9999436955073406
172,1.9999417655936078
173,1.999939856767413
174,1.999937968676337
175,1.9999361009740833
176,1.9999342533203566
177,1.9999324253807473
178,1.999930616826612
179,1.999928827334963
180,1.9999270565883567
181,1.9999253042747853
182,1.9999235700875722
183,1.9999218537252659
184,1.999920154891539
185,1.9999184732950925
186,1.9999168086495538
187,1.9999151606733858
188,1.9999135290897905
189,1.9999119136266221
190,1.9999103140162942
191,1.9999087299956935
192,1.9999071613060961
193,1.9999056076930848
194,1.9999040689064627
195,1.999902544700178
196,1.9999010348322441
197,1.999899539064661
198,1.9998980571633438
199,1.999896588898047
200,1.999895134042292
201,1.999893692373297
202,1.99989226367191
203,1.9998908477225386
204,1.9998894443130841
205,1.999888053234878
206,1.999886674282617
207,1.999885307254302
208,1.9998839519511744
209,1.999882608177661
210,1.9998812757413105
211,1.9998799544527408
212,1.9998786441255771
213,1.9998773445764009
214,1.9998760556246984
215,1.9998747770927983
216,1.9998735088058308
217,1.9998722505916702
218,1.9998710022808845
219,1.9998697637066927
220,1.9998685347049092
221,1.9998673151139024
222,1.9998661047745467
223,1.9998649035301779
224,1.9998637112265456
225,1.9998625277117759
226,1.9998613528363243
227,1.9998601864529364
228,1.9998590284166036
229,1.9998578785845278
230,1.9998567368160776
231,1.9998556029727523
232,1.999854476918144
233,1.9998533585178984
234,1.9998522476396805
235,1.9998511441531384
236,1.999850047929867
237,1.9998489588433759
238,1.9998478767690528
239,1.9998468015841326
240,1.9998457331676636
241,1.999844671400478
242,1.9998436161651565
243,1.999842567346001
244,1.999841524829003
245,1.9998404885018153
246,1.999839458253721
247,1.9998384339756061
248,1.999837415559932
249,1.9998364029007067
250,1.999835395893462
251,1.9998343944352184
252,1.9998333984244683
253,1.9998324077611458
254,1.9998314223466025
255,1.9998304420835833
256,1.9998294668762013
257,1.9998284966299167
258,1.999827531251508
259,1.999826570649057
260,1.999825614731919
261,1.9998246634107053
262,1.9998237165972608
263,1.9998227742046404
264,1.9998218361470919
265,1.999820902340032
266,1.9998199727000274
267,1.9998190471447774
268,1.9998181255930905
269,1.999817207964867
270,1.9998162941810822
271,1.9998153841637631
272,1.9998144778359765
273,1.9998135751218065
274,1.9998126759463397
275,1.9998117802356448
276,1.9998108879167593
277,1.9998099989176719
278,1.9998091131673053
279,1.9998082305955007
280,1.999807351133001
281,1.999806474711438
282,1.999805601263314
283,1.9998047307219902
284,1.9998038630216688
285,1.9998029980973795
286,1.9998021358849671
287,1.9998012763210764
288,1.9998004193431353
289,1.999799564889349
290,1.9997987128986776
291,1.9997978633108306
292,1.9997970160662488
293,1.9997961711060956
294,1.9997953283722407
295,1.999794487807252
296,1.9997936493543813
297,1.9997928129575513
298,1.9997919785613476
299,1.9997911461110025
300,1.9997903155523904
301,1.9997894868320092
302,1.999788659896975
303,1.999787834695009
304,1.9997870111744271
305,1.9997861892841309
306,1.9997853689735954
307,1.9997845501928608
308,1.9997837328925216
309,1.9997829170237182
310,1.999782102538125
311,1.9997812893879439
312,1.999780477525892
313,1.9997796669051955
314,1.9997788574795785
315,1.9997780492032564
316,1.999777242030924
317,1.9997764359177495
318,1.999775630819366
319,1.999774826691863
320,1.999774023491776
321,1.9997732211760817
322,1.9997724197021887
323,1.9997716190279309
324,1.9997708191115557
325,1.9997700199117219
326,1.99976922138749
327,1.9997684234983133
328,1.999767626204033
329,1.9997668294648705
330,1.999766033241419
331,1.999765237494639
332,1.99976444218585
333,1.9997636472767237
334,1.999762852729278
335,1.99976205850587
336,1.9997612645691896
337,1.9997604708822552
338,1.999759677408404
339,1.999758884111288
340,1.9997580909548691
341,1.9997572979034097
342,1.9997565049214703
343,1.9997557119739002
344,1.9997549190258361
345,1.999754126042694
346,1.9997533329901622
347,1.9997525398341989
348,1.9997517465410244
349,1.9997509530771194
350,1.9997501594092122
351,1.999749365504284
352,1.9997485713295546
353,1.999747776852483
354,1.9997469820407585
355,1.9997461868623008
356,1.999745391285249
357,1.9997445952779627
358,1.9997437988090123
359,1.9997430018471776
360,1.9997422043614432
361,1.9997414063209917
362,1.999740607695201
363,1.9997398084536395
364,1.9997390085660625
365,1.9997382080024055
366,1.9997374067327827
367,1.9997366047274814
368,1.9997358019569575
369,1.9997349983918336
370,1.9997341940028919
371,1.9997333887610722
372,1.9997325826374674
373,1.9997317756033195
374,1.9997309676300166
375,1.9997301586890872
376,1.9997293487521985
377,1.9997285377911522
378,1.9997277257778785
379,1.9997269126844366
380,1.999726098483007
381,1.9997252831458923
382,1.999724466645508
383,1.9997236489543846
384,1.9997228300451608
385,1.9997220098905815
386,1.9997211884634927
387,1.9997203657368423
388,1.999719541683671
389,1.9997187162771137
390,1.9997178894903929
391,1.9997170612968187
392,1.9997162316697836
393,1.9997154005827609
394,1.9997145680092971
395,1.9997137339230169
396,1.9997128982976116
397,1.9997120611068415
398,1.9997112223245317
399,1.9997103819245687
400,1.9997095398808964
401,1.9997086961675152
402,1.9997078507584791
403,1.99970700362789
404,1.9997061547498978
405,1.9997053040986965
406,1.9997044516485216
407,1.9997035973736477
408,1.9997027412483837
409,1.9997018832470728
410,1.9997010233440884
411,1.999700161513832
412,1.999699297730728
413,1.9996984319692261
414,1.9996975642037944
415,1.9996966944089167
416,1.999695822559095
417,1.9996949486288385
418,1.9996940725926686
419,1.9996931944251126
420,1.9996923141007037
421,1.9996914315939742
422,1.9996905468794566
423,1.999689659931681
424,1.9996887707251707
425,1.9996878792344406
426,1.9996869854339963
427,1.9996860892983277
428,1.999685190801912
429,1.999684289919206
430,1.9996833866246473
431,1.999682480892651
432,1.9996815726976052
433,1.9996806620138718
434,1.9996797488157827
435,1.999678833077637
436,1.9996779147736987
437,1.9996769938781964
438,1.9996760703653162
439,1.9996751442092064
440,1.9996742153839677
441,1.9996732838636568
442,1.9996723496222804
443,1.9996714126337936
444,1.9996704728720998
445,1.9996695303110466
446,1.9996685849244211
447,1.9996676366859552
448,1.9996666855693124
449,1.9996657315480957
450,1.9996647745958387
451,1.999663814686007
452,1.9996628517919943
453,1.9996618858871194
454,1.999660916944626
455,1.9996599449376777
456,1.99965896983936
457,1.9996579916226738
458,1.9996570102605329
459,1.999656025725768
460,1.9996550379911153
461,1.9996540470292223
462,1.9996530528126397
463,1.9996520553138226
464,1.9996510545051267
465,1.9996500503588082
466,1.9996490428470164
467,1.9996480319417984
468,1.9996470176150902
469,1.999645999838719
470,1.9996449785843988
471,1.9996439538237283
472,1.9996429255281891
473,1.9996418936691431
474,1.9996408582178304
475,1.9996398191453668
476,1.9996387764227412
477,1.999637730020813
478,1.9996366799103111
479,1.99963562606183
480,1.999634568445828
481,1.9996335070326263
482,1.999632441792404
483,1.9996313726951969
484,1.999630299710895
485,1.9996292228092414
486,1.9996281419598279
487,1.9996270571320938
488,1.9996259682953228
489,1.9996248754186405
490,1.9996237784710131
491,1.9996226774212422
492,1.9996215722379662
493,1.999620462889656
494,1.9996193493446106
495,1.9996182315709568
496,1.9996171095366466
497,1.9996159832094533
498,1.9996148525569717
499,1.9996137175466104
500,1.9996125781455956
501,1.9996114343209634
502,1.9996102860395601
503,1.9996091332680384
504,1.9996079759728538
505,1.9996068141202636
506,1.999605647676324
507,1.9996044766068866
508,1.999603300877597
509,1.9996021204538907
510,1.9996009353009883
511,1.9995997453838994
512,1.9995985506674117
513,1.9995973511160958
514,1.9995961466942955
515,1.9995949373661288
516,1.9995937230954857
517,1.9995925038460216
518,1.999591279581158
519,1.999590050264079
520,1.9995888158577255
521,1.9995875763247954
522,1.9995863316277394
523,1.9995850817287564
524,1.9995838265897952
525,1.9995825661725442
526,1.9995813004384357
527,1.9995800293486374
528,1.9995787528640512
529,1.9995774709453111
530,1.9995761835527772
531,1.999574890646536
532,1.9995735921863935
533,1.9995722881318727
534,1.999570978442215
535,1.9995696630763686
536,1.9995683419929926
537,1.9995670151504488
538,1.9995656825068004
539,1.9995643440198072
540,1.9995629996469246
541,1.9995616493452968
542,1.999560293071755
543,1.9995589307828145
544,1.999557562434667
545,1.9995561879831847
546,1.999554807383908
547,1.9995534205920462
548,1.999552027562475
549,1.9995506282497293
550,1.9995492226079996
551,1.9995478105911308
552,1.9995463921526175
553,1.9995449672455958
554,1.999543535822847
555,1.9995420978367866
556,1.9995406532394622
557,1.999539201982552
558,1.9995377440173567
559,1.9995362792947982
560,1.9995348077654143
561,1.9995333293793531
562,1.9995318440863719
563,1.999530351835828
564,1.9995288525766783
565,1.9995273462574743
566,1.9995258328263552
567,1.999524312231045
568,1.9995227844188488
569,1.9995212493366454
570,1.9995197069308854
571,1.999518157147583
572,1.9995165999323152
573,1.9995150352302136
574,1.9995134629859619
575,1.9995118831437877
576,1.999510295647461
577,1.9995087004402885
578,1.999507097465103
579,1.999505486664268
580,1.9995038679796624
581,1.9995022413526824
582,1.9995006067242325
583,1.9994989640347198
584,1.9994973132240514
585,1.9994956542316253
586,1.999493986996327
587,1.9994923114565217
588,1.9994906275500521
589,1.999488935214229
590,1.9994872343858254
591,1.999485525001075
592,1.9994838069956584
593,1.999482080304705
594,1.9994803448627807
595,1.999478600603887
596,1.9994768474614473
597,1.9994750853683092
598,1.99947331425673
599,1.9994715340583764
600,1.9994697447043128
601,1.999467946124999
602,1.9994661382502787
603,1.9994643210093783
604,1.999462494330893
605,1.9994606581427865
606,1.999458812372378
607,1.99945695694634
608,1.9994550917906873
609,1.9994532168307697
610,1.9994513319912688
611,1.999449437196183
612,1.9994475323688286
613,1.9994456174318234
614,1.9994436923070835
615,1.999441756915817
616,1.9994398111785097
617,1.9994378550149228
618,1.9994358883440824
619,1.9994339110842705
620,1.9994319231530164
621,1.9994299244670897
622,1.9994279149424907
623,1.9994258944944405
624,1.9994238630373724
625,1.9994218204849261
626,1.9994197667499318
627,1.9994177017444086
628,1.9994156253795494
629,1.9994135375657134
630,1.999411438212416
631,1.9994093272283207
632,1.9994072045212268
633,1.9994050699980597
634,1.9994029235648634
635,1.999400765126786
636,1.9993985945880728
637,1.9993964118520546
638,1.999394216821135
639,1.9993920093967819
640,1.9993897894795172
641,1.9993875569689044
642,1.9993853117635336
643,1.9993830537610189
644,1.999380782857977
645,1.9993784989500236
646,1.999376201931755
647,1.9993738916967412
648,1.9993715681375113
649,1.9993692311455389
650,1.9993668806112348
651,1.9993645164239298
652,1.9993621384718636
653,1.9993597466421726
654,1.999357340820874
655,1.9993549208928547
656,1.9993524867418575
657,1.9993500382504663
658,1.9993475753000918
659,1.99934509777096
660,1.999342605542094
661,1.9993400984913028
662,1.9993375764951653
663,1.9993350394290137
664,1.999332487166921
665,1.999329919581685
666,1.9993273365448103
667,1.9993247379264962
668,1.9993221235956178
669,1.9993194934197112
670,1.999316847264957
671,1.999314184996162
672,1.9993115064767446
673,1.9993088115687159
674,1.9993061001326629
675,1.9993033720277316
676,1.9993006271116065
677,1.999297865240497
678,1.9992950862691135
679,1.9992922900506525
680,1.9992894764367763
681,1.9992866452775953
682,1.999283796421645
683,1.9992809297158698
684,1.9992780450056011
685,1.9992751421345383
686,1.9992722209447258
687,1.9992692812765354
688,1.9992663229686403
689,1.999263345858
690,1.9992603497798318
691,1.9992573345675941
692,1.9992543000529588
693,1.9992512460657927
694,1.9992481724341333
695,1.999245078984163
696,1.9992419655401885
697,1.9992388319246146
698,1.9992356779579188
699,1.9992325034586282
700,1.9992293082432948
701,1.9992260921264682
702,1.999222854920668
703,1.9992195964363617
704,1.999216316481935
705,1.9992130148636627
706,1.9992096913856865
707,1.9992063458499811
708,1.999202978056331
709,1.9991995878022961
710,1.999196174883187
711,1.999192739092032
712,1.9991892802195497
713,1.9991857980541152
714,1.9991822923817302
715,1.9991787629859936
716,1.999175209648066
717,1.9991716321466368
718,1.9991680302578956
719,1.9991644037554916
720,1.999160752410508
721,1.9991570759914177
722,1.999153374264056
723,1.9991496469915813
724,1.999145893934438
725,1.9991421148503212
726,1.9991383094941386
727,1.9991344776179725
728,1.9991306189710407
729,1.9991267332996592
730,1.9991228203471978
731,1.999118879854044
732,1.9991149115575606
733,1.9991109151920419
734,1.9991068904886733
735,1.9991028371754882
736,1.999098754977323
737,1.9990946436157708
738,1.9990905028091412
739,1.9990863322724097
740,1.9990821317171728
741,1.9990779008515998
742,1.9990736393803834
743,1.9990693470046956
744,1.9990650234221303
745,1.999060668326659
746,1.9990562814085762
747,1.9990518623544462
748,1.9990474108470537
749,1.999042926565345
750,1.9990384091843776
751,1.9990338583752592
752,1.9990292738050957
753,1.999024655136931
754,1.9990200020296878
755,1.9990153141381102
756,1.9990105911126994
757,1.9990058325996571
758,1.9990010382408183
759,1.998996207673588
760,1.9989913405308783
761,1.9989864364410423
762,1.998981495027805
763,1.998976515910197
764,1.9989714987024843
765,1.9989664430140968
766,1.9989613484495605
767,1.9989562146084183
768,1.9989510410851599
769,1.9989458274691483
770,1.998940573344537
771,1.998935278290197
772,1.9989299418796347
773,1.9989245636809116
774,1.9989191432565627
775,1.9989136801635132
776,1.9989081739529917
777,1.9989026241704435
778,1.9988970303554456
779,1.998891392041613
780,1.998885708756511
781,1.9988799800215595
782,1.998874205351939
783,1.9988683842564987
784,1.9988625162376494
785,1.9988566007912747
786,1.9988506374066204
787,1.9988446255661994
788,1.9988385647456781
789,1.9988324544137779
790,1.9988262940321593
791,1.9988200830553167
792,1.998813820930462
793,1.9988075070974096
794,1.9988011409884627
795,1.9987947220282913
796,1.9987882496338119
797,1.9987817232140643
798,1.9987751421700848
799,1.9987685058947795
800,1.998761813772794
801,1.9987550651803798
802,1.9987482594852577
803,1.9987413960464846
804,1.9987344742143074
805,1.9987274933300254
806,1.9987204527258402
807,1.9987133517247113
808,1.9987061896402025
809,1.9986989657763283
810,1.9986916794273983
811,1.9986843298778567
812,1.9986769164021188
813,1.9986694382644057
814,1.998661894718577
815,1.9986542850079547
816,1.9986466083651528
817,1.9986388640118924
818,1.9986310511588243
819,1.9986231690053402
820,1.998615216739387
821,1.9986071935372678
822,1.9985990985634494
823,1.9985909309703622
824,1.9985826898981935
825,1.9985743744746782
826,1.9985659838148888
827,1.9985575170210161
828,1.9985489731821517
829,1.9985403513740585
830,1.9985316506589421
831,1.9985228700852185
832,1.998514008687272
833,1.9985050654852134
834,1.9984960394846318
835,1.9984869296763361
836,1.9984777350361043
837,1.9984684545244122
838,1.9984590870861694
839,1.99844963165044
840,1.9984400871301649
841,1.9984304524218772
842,1.9984207264054068
843,1.9984109079435863
844,1.9984009958819433
845,1.9983909890483949
846,1.998380886252927
847,1.9983706862872737
848,1.9983603879245875
849,1.9983499899191015
850,1.9983394910057877
851,1.998328889900006
852,1.9983181852971446
853,1.998307375872257
854,1.9982964602796878
855,1.9982854371526901
856,1.9982743051030418
857,1.9982630627206404
858,1.9982517085731055
859,1.9982402412053597
860,1.9982286591392069
861,1.9982169608728986
862,1.9982051448806981
863,1.9981932096124209
864,1.9981811534929843
865,1.998168974921927
866,1.9981566722729363
867,1.9981442438933528
868,1.99813168810367
869,1.998119003197022
870,1.9981061874386583
871,1.9980932390654105
872,1.9980801562851427
873,1.9980669372761937
874,1.9980535801868076
875,1.998040083134545
876,1.9980264442056883
877,1.9980126614546325
878,1.997998732903259
879,1.9979846565402972
880,1.9979704303206756
881,1.99795605216485
882,1.997941519958125
883,1.9979268315499539
884,1.9979119847532272
885,1.997896977343542
886,1.9978818070584563
887,1.9978664715967234
888,1.9978509686175143
889,1.997835295739618
890,1.997819450540622
891,1.9978034305560775
892,1.997787233278646
893,1.99777085615722
894,1.9977542965960302
895,1.997737551953727
896,1.997720619542442
897,1.9977034966268294
898,1.9976861804230819
899,1.9976686680979234
900,1.9976509567675813
901,1.997633043496729
902,1.99761492529741
903,1.9975965991279285
904,1.9975780618917183
905,1.9975593104361877
906,1.9975403415515252
907,1.9975211519694889
908,1.9975017383621603
909,1.9974820973406684
910,1.9974622254538816
911,1.9974421191870695
912,1.997421774960535
913,1.9974011891282037
914,1.9973803579761884
915,1.9973592777213138
916,1.9973379445095985
917,1.9973163544147137
918,1.9972945034363914
919,1.9972723874987957
920,1.997250002448855
921,1.9972273440545525
922,1.9972044080031726
923,1.9971811898994984
924,1.9971576852639763
925,1.9971338895308186
926,1.997109798046067
927,1.9970854060656054
928,1.9970607087531198
929,1.9970357011780058
930,1.997010378313226
931,1.996984735033104
932,1.9969587661110708
933,1.9969324662173455
934,1.9969058299165583
935,1.99687885166531
936,1.9968515258096717
937,1.9968238465826085
938,1.9967958081013513
939,1.996767404364682
940,1.996738629250157
941,1.9967094765112554
942,1.9966799397744484
943,1.996650012536191
944,1.9966196881598361
945,1.9965889598724607
946,1.9965578207616086
947,1.9965262637719463
948,1.996494281701824
949,1.9964618671997494
950,1.996429012760757
951,1.9963957107226844
952,1.996361953262344
953,1.9963277323915878
954,1.9962930399532643
955,1.9962578676170666
956,1.9962222068752575
957,1.996186049038284
958,1.9961493852302614
959,1.9961122063843368
960,1.99607450323792
961,1.9960362663277755
962,1.995997485984982
963,1.9959581523297485
964,1.9959182552660755
965,1.9958777844762725
966,1.9958367294153125
967,1.995795079305028
968,1.9957528231281374
969,1.9957099496221002
970,1.995666447272793
971,1.9956223043080032
972,1.9955775086907308
973,1.9955320481122971
974,1.9954859099852498
975,1.9954390814360583
976,1.9953915492975958
977,1.9953433001013992
978,1.9952943200696969
979,1.9952445951072009
980,1.9951941107926539
981,1.9951428523701242
982,1.9950908047400393
983,1.995037952449946
984,1.994984279684997
985,1.9949297702581472
986,1.9948744076000509
987,1.9948181747486515
988,1.9947610543384582
989,1.9947030285894871
990,1.9946440792958675
991,1.994584187814095
992,1.994523335050924
993,1.994461501450882
994,1.994398666983398
995,1.9943348111295336
996,1.9942699128682877
997,1.9942039506624862
998,1.9941369024442221
999,1.9940687455998343
1000,1.9939994569544135
1001,1.993929012755824
1002,1.993857388658205
1003,1.9937845597049577
1004,1.9937105003111821
1005,1.9936351842455569
1006,1.9935585846116277
1007,1.9934806738285071
1008,1.9934014236109339
1009,1.9933208049487035
1010,1.9932387880854163
1011,1.9931553424965465
1012,1.9930704368667824
1013,1.992984039066637
1014,1.99289611612828
1015,1.9928066342205857
1016,1.9927155586233476
1017,1.9926228537006452
1018,1.9925284828733296
1019,1.9924324085905898
1020,1.9923345923005724
1021,1.9922349944200244
1022,1.9921335743029092
1023,1.9920302902079832
1024,1.9919250992652662
1025,1.9918179574413928
1026,1.9917088195037818
1027,1.9915976389835999
1028,1.991484368137459
1029,1.9913689579078178
1030,1.9912513578820221
1031,1.9911315162499508
1032,1.9910093797602086
1033,1.9908848936748096
1034,1.990758001722304
1035,1.990628646049288
1036,1.9904967671702318
1037,1.9903623039155758
1038,1.9902251933780166
1039,1.990085370856934
1040,1.9899427698008703
1041,1.989797321748009
1042,1.9896489562645665
1043,1.9894976008810237
1044,1.9893431810261264
1045,1.989185619958548
1046,1.9890248386961615
1047,1.9888607559428073
1048,1.9886932880124695
1049,1.9885223487507764
1050,1.9883478494537101
1051,1.9881696987834356
1052,1.9879878026811368
1053,1.9878020642767462
1054,1.9876123837954625
1055,1.9874186584609312
1056,1.987220782394966
1057,1.9870186465136868
1058,1.9868121384199418
1059,1.9866011422918735
1060,1.9863855387674918
1061,1.9861652048251102
1062,1.9859400136594876
1063,1.985709834553521
1064,1.985474532745338
1065,1.985233969290599
1066,1.9849880009198628
1067,1.9847364798908225
1068,1.984479253835222
1069,1.9842161656002806
1070,1.9839470530844103
1071,1.9836717490670375
1072,1.98339008103231
1073,1.9831018709864787
1074,1.9828069352687303
1075,1.9825050843552412
1076,1.9821961226562173
1077,1.9818798483056772
1078,1.9815560529437304
1079,1.9812245214910886
1080,1.9808850319155533
1081,1.9805373549902048
1082,1.9801812540430166
1083,1.9798164846976074
1084,1.9794427946048443
1085,1.979059923164993
1086,1.9786676012401165
1087,1.9782655508564009
1088,1.977853484896099
1089,1.9774311067787613
1090,1.976998110131429
1091,1.976554178447444
1092,1.9760989847335453
1093,1.9756321911448969
1094,1.975153448607696
1095,1.974662396429015
1096,1.9741586618935079
1097,1.9736418598466265
1098,1.9731115922639801
1099,1.9725674478064734
1100,1.9720090013608633
1101,1.9714358135653627
1102,1.9708474303199288
1103,1.9702433822808816
1104,1.969623184339491
1105,1.9689863350841836
1106,1.9683323162460238
1107,1.9676605921271344
1108,1.9669706090117303
1109,1.96626179455945
1110,1.9655335571806891
1111,1.9647852853936432
1112,1.9640163471628016
1113,1.963226089218642
1114,1.9624138363582964
1115,1.9615788907270026
1116,1.960720531080156
1117,1.9598380120258305
1118,1.958930563247654
1119,1.9579973887079731
1120,1.9570376658312698
1121,1.9560505446678425
1122,1.9550351470377998
1123,1.9539905656554861
1124,1.9529158632344652
1125,1.9518100715733044
1126,1.9506721906223896
1127,1.9495011875321238
1128,1.9482959956828816
1129,1.9470555136971706
1130,1.9457786044345318
1131,1.9444640939697457
1132,1.9431107705550188
1133,1.9417173835668637
1134,1.940282642438477
1135,1.9388052155784756
1136,1.9372837292769305
1137,1.935716766599695
1138,1.934102866272085
1139,1.932440521553038
1140,1.9307281791009177
1141,1.928964237832172
1142,1.927147047774109
1143,1.9252749089130423
1144,1.9233460700391072
1145,1.9213587275890183
1146,1.9193110244880327
1147,1.9172010489923317
1148,1.9150268335329796
1149,1.9127863535625356
1150,1.910477526405272
1151,1.9080982101118118
1152,1.9056462023188334
1153,1.9031192391142753
1154,1.9005149939082142
1155,1.897831076309355
1156,1.8950650310066712
1157,1.8922143366554527
1158,1.8892764047665462
1159,1.8862485785971623
1160,1.883128132041126
1161,1.8799122685159264
1162,1.876598119843342
1163,1.873182745119875
1164,1.8696631295725812
1165,1.8660361833952799
1166,1.862298740559532
1167,1.858447557594151
1168,1.8544793123264738
1169,1.8503906025781145
1170,1.8461779448075204
1171,1.8418377726913429
1172,1.83736643563652
1173,1.83276019721501
1174,1.8280152335134383
1175,1.8231276313904998
1176,1.8180933866359374
1177,1.8129084020262864
1178,1.8075684852744418
1179,1.8020693468725477
1180,1.796406597830784
1181,1.7905757473184618
1182,1.7845722002184492
1183,1.7783912546115244
1184,1.7720280992137953
1185,1.765477810797963
1186,1.7587353516380377
1187,1.7517955670271714
1188,1.7446531829296632
1189,1.7373028038409788
1190,1.7297389109437535
1191,1.7219558606633687
1192,1.7139478837436841
1193,1.705709084981824
1194,1.697233443780561
1195,1.688514815697543
1196,1.6795469351923253
1197,1.6703234197945132
1198,1.660837775939083
1199,1.6510834067377287
1200,1.6410536219773066
1201,1.6307416506577628
1202,1.6201406564014427
1203,1.6092437560828765
1204,1.5980440420419426
1205,1.5865346082529401
1206,1.5747085808263122
1207,1.56255915321748
1208,1.5500796265070305
1209,1.5372634550970323
1210,1.5241042981379163
1211,1.5105960769575606
1212,1.4967330387073672
1213,1.4825098263674166
1214,1.4679215551627491
1215,1.452963895333835
1216,1.4376331610752162
1217,1.421926405306116
1218,1.4058415197652046
1219,1.3893773397289821
1220,1.3725337524405719
1221,1.3553118081055087
1222,1.3377138320670627
1223,1.3197435365209862
1224,1.3014061298754849
1225,1.2827084216154196
1226,1.2636589203011859
1227,1.2442679221347075
1228,1.2245475873715572
1229,1.2045120017640634
1230,1.184177220200495
1231,1.1635612897741345
1232,1.142684249685826
1233,1.1215681056636941
1234,1.1002367769793384
1235,1.078716014650516
1236,1.0570332900395605
1237,1.0352176537706925
1238,1.0132995656773127
1239,0.9913106973247481
1240,0.9692837095015142
1241,0.947252007895812
1242,0.925249480934244
1243,0.9033102244181259
1244,0.8814682581136242
1245,0.8597572398056504
1246,0.8382101824905009
1247,0.8168591803469565
1248,0.7957351488892279
1249,0.7748675842783017
1250,0.7542843461716037
1251,0.7340114677544015
1252,0.7140729957565697
1253,0.6944908623559346
1254,0.6752847899466152
1255,0.6564722288481653
1256,0.6380683271857802
1257,0.6200859314143106
1258,0.6025356153129894
1259,0.5854257347595296
1260,0.5687625052092761
1261,0.5525500985577547
1262,0.5367907559469699
1263,0.5214849130755972
1264,0.5066313346754062
1265,0.4922272550029694
1266,0.47826852144804183
1267,0.46474973865915714
1268,0.45166441091524595
1269,0.43900508081352346
1270,0.4267634626848414
1271,0.41493056947699825
1272,0.4034968321554585
1273,0.3924522109534596
1274,0.38178629805545816
1275,0.3714884115173712
1276,0.36154768041355145
1277,0.35195312135479867
1278,0.342693706645698
1279,0.3337584244456454
1280,0.32513633136897846
1281,0.31681659800869066
1282,0.308788547898436
1283,0.30104169044194806
1284,0.2935657483404107
1285,0.28635068003939196
1286,0.27938669769998564
1287,0.27266428117582686
1288,0.26617418845045976
1289,0.2599074629595588
1290,0.2538554381909902
1291,0.24800973992361783
1292,0.24236228643389385
1293,0.23690528696820617
1294,0.23163123874914898
1295,0.22653292275562564
1296,0.22160339849022245
1297,0.21683599792267969
1298,0.21222431877564885
1299,0.20776221729818942
1300,0.20344380065363898
1301,0.19926341903148043
1302,0.19521565757754922
1303,0.1912953282232665
1304,0.1874974614824291
1305,0.18381729827332463
1306,0.18025028181443986
1307,0.17679204963370387
1308,0.17343842572390158
1309,0.17018541287055305
1310,0.16702918517303783
1311,0.16396608077498662
1312,0.16099259481587946
1313,0.1581053726122821
1314,0.1553012030741821
1315,0.1525770123593665
1316,0.1499298577666637
1317,0.1473569218671062
1318,0.14485550687061627
1319,0.14242302922461061
1320,0.1400570144399635
1321,0.1377550921389921
1322,0.1355149913195308
1323,0.13333453582870874
1324,0.13121164003971064
1325,0.12914430472457586
1326,0.1271306131159572
1327,0.12516872715069197
1328,0.12325688388803763
1329,0.12139339209547975
1330,0.11957662899509962
1331,0.11780503716362838
1332,0.11607712157945196
1333,0.11439144681001658
1334,0.11274663433326859
1335,0.11114135998696102
1336,0.10957435153987866
1337,0.10804438637923541
1338,0.10655028930873034
1339,0.10509093045195378
1340,0.1036652232560652
1341,0.10227212259086867
1342,0.10091062293863219
1343,0.09957975667020105
1344,0.09827859240315624
1345,0.09700623343796896
1346,0.09576181626828685
1347,0.09454450916168078
1348,0.09335351080734464
1349,0.09218804902742606
1350,0.09104737954881563
1351,0.0899307848323892
1352,0.08883757295684216
1353,0.08776707655439916
1354,0.08671865179582156
1355,0.08569167742226261
1356,0.08468555382164715
1357,0.08369970214736944
1358,0.08273356347721693
1359,0.08178659801053181
1360,0.0808582843017315
1361,0.07994811852839537
1362,0.07905561379222588
1363,0.07818029945127528
1364,0.07732172048191173
1365,0.0764794368690805
1366,0.0756530230234839
1367,0.07484206722438191
1368,0.07404617108677705
1369,0.0732649490518092
1370,0.07249802789925433
1371,0.07174504628106619
1372,0.07100565427496414
1373,0.07027951295711493
1374,0.06956629399300832
1375,0.06886567924566868
1376,0.06817736040039171
1377,0.06750103860523428
1378,0.06683642412652296
1379,0.06618323601868854
1380,0.06554120180776267
1381,0.0649100571879101
1382,0.06428954573039916
1383,0.06367941860444327
1384,0.06307943430937651
1385,0.06248935841764644
1386,0.061908963328142025
1387,0.06133802802938955
1388,0.06077633787217873
1389,0.06022368435119669
1390,0.05967986489527363
1391,0.059144682665859566
1392,0.058617946363371295
1393,0.05809947004106362
1394,0.057589072926101485
1395,0.0570865792475162
1396,0.05659181807075344
1397,0.05610462313852529
1398,0.05562483271770173
1399,0.05515228945197955
1400,0.05468684022008834
1401,0.054228335999295205
1402,0.053776631733990936
1403,0.05333158620913941
1404,0.05289306192839331
1405,0.0524609249966768
1406,0.05203504500705712
1407,0.05161529493172276
1408,0.05120155101690524
1409,0.050793692681580224
1410,0.05039160241979645
1411,0.04999516570648627
