1,2.045830926613827
2,2.0366739104500473
3,2.0265820904764538
4,2.0176094631771826
5,2.0106853625232235
6,2.0059302972526902
7,2.003012566116406
8,2.0014352209638915
9,2.0007174868855846
10,2.000480675037317
11,2.000467935072173
12,2.0005281804387365
13,2.000586887114315
14,2.0006172127753605
15,2.000617447888508
16,2.0005960846775803
17,2.000563402620619
18,2.0005276639318827
19,2.00049408315069
20,2.0004651726537332
21,2.0004415658607604
22,2.0004228351175315
23,2.000408106609643
24,2.000396439795068
25,2.000387015109464
26,2.000379194837547
27,2.000372515134901
28,2.000366650220906
29,2.0003613726897944
30,2.000356520904319
31,2.0003519763263404
32,2.0003476495527805
33,2.0003434724311298
34,2.0003393937091074
35,2.0003353763536307
36,2.000331395437154
37,2.000327436094217
38,2.0003234914340045
39,2.0003195604833475
40,2.0003156462892413
41,2.000311754290338
42,2.0003078910182266
43,2.000304063139228
44,2.0003002768094174
45,2.0002965372930293
46,2.0002928487857226
47,2.0002892143853828
48,2.0002856361602834
49,2.0002821152741017
50,2.0002786521373324
51,2.000275246563737
52,2.00027189791792
53,2.0002686052460086
54,2.0002653673856114
55,2.000262183054225
56,2.000259050917146
57,2.0002559696370823
58,2.0002529379082046
59,2.00024995447755
60,2.0002470181565823
61,2.0002441278254324
62,2.000241282432019
63,2.00023848098783
64,2.0002357225618055
65,2.000233006273363
66,2.000230331285353
67,2.0002276967974395
68,2.000225102040211
69,2.0002225462701646
70,2.000220028765611
71,2.0002175488234366
72,2.000215105756651
73,2.0002126988925957
74,2.000210327571697
75,2.000207991146638
76,2.000205688981848
77,2.0002034204532118
78,2.000201184947929
79,2.0001989818644597
80,2.0001968106125005
81,2.000194670612986
82,2.000192561298067
83,2.0001904821110643
84,2.0001884325064014
85,2.000186411949491
86,2.0001844199166054
87,2.000182455894712
88,2.0001805193812885
89,2.0001786098841277
90,2.000176726921122
91,2.0001748700200466
92,2.00017303871834
93,2.00017123256288
94,2.0001694511097647
95,2.000167693924096
96,2.0001659605797704
97,2.000164250659271
98,2.0001625637534715
99,2.0001608994614406
100,2.0001592573902562
101,2.000157637154825
102,2.0001560383777064
103,2.0001544606889414
104,2.000152903725888
105,2.0001513671330637
106,2.000149850561984
107,2.000148353671014
108,2.0001468761252177
109,2.0001454175962166
110,2.0001439777620442
111,2.000142556307012
112,2.0001411529215707
113,2.0001397673021843
114,2.000138399151197
115,2.0001370481767067
116,2.000135714092447
117,2.000134396617664
118,2.0001330954769996
119,2.000131810400376
120,2.0001305411228865
121,2.0001292873846843
122,2.0001280489308724
123,2.000126825511408
124,2.0001256168809896
125,2.0001244227989665
126,2.0001232430292344
127,2.0001220773401447
128,2.00012092550441
129,2.0001197872990124
130,2.0001186625051144
131,2.000117550907974
132,2.000116452296858
133,2.0001153664649602
134,2.000114293209317
135,2.0001132323307336
136,2.0001121836337017
137,2.0001111469263253
138,2.000110122020247
139,2.000109108730575
140,2.0001081068758118
141,2.0001071162777855
142,2.0001061367615827
143,2.0001051681554802
144,2.000104210290881
145,2.0001032630022526
146,2.000102326127063
147,2.0001013995057204
148,2.000100482981513
149,2.0000995764005545
150,2.000098679611723
151,2.0000977924666072
152,2.0000969148194536
153,2.000096046527111
154,2.0000951874489803
155,2.0000943374469604
156,2.0000934963854045
157,2.000092664131065
158,2.0000918405530483
159,2.000091025522771
160,2.000090218913909
161,2.0000894206023565
162,2.0000886304661822
163,2.0000878483855846
164,2.0000870742428507
165,2.000086307922318
166,2.0000855493103287
167,2.000084798295195
168,2.0000840547671617
169,2.0000833186183615
170,2.0000825897427874
171,2.0000818680362498
172,2.000081153396344
173,2.000080445722416
174,2.000079744915527
175,2.000079050878422
176,2.000078363515497
177,2.000077682732766
178,2.000077008437831
179,2.0000763405398523
180,2.000075678949517
181,2.0000750235790106
182,2.00007437434199
183,2.000073731153551
184,2.0000730939302067
185,2.0000724625898574
186,2.0000718370517636
187,2.0000712172365214
188,2.000070603066039
189,2.0000699944635096
190,2.0000693913533865
191,2.0000687936613635
192,2.0000682013143454
193,2.000067614240433
194,2.000067032368893
195,2.000066455630142
196,2.000065883955723
197,2.0000653172782834
198,2.0000647555315556
199,2.0000641986503376
200,2.000063646570472
201,2.000063099228827
202,2.000062556563278
203,2.000062018512688
204,2.000061485016891
205,2.0000609560166733
206,2.000060431453755
207,2.0000599112707755
208,2.0000593954112738
209,2.000058883819675
210,2.0000583764412703
211,2.0000578732222065
212,2.0000573741094674
213,2.000056879050855
214,2.000056387994983
215,2.0000559008912564
216,2.000055417689857
217,2.0000549383417336
218,2.000054462798584
219,2.0000539910128428
220,2.000053522937671
221,2.000053058526938
222,2.000052597735212
223,2.000052140517749
224,2.000051686830478
225,2.0000512366299885
226,2.000050789873522
227,2.000050346518958
228,2.000049906524802
229,2.0000494698501785
230,2.000049036454815
231,2.0000486062990346
232,2.0000481793437466
233,2.000047755550432
234,2.0000473348811365
235,2.000046917298462
236,2.0000465027655525
237,2.00004609124609
238,2.0000456827042803
239,2.000045277104847
240,2.000044874413021
241,2.0000444745945334
242,2.000044077615606
243,2.0000436834429407
244,2.000043292043716
245,2.000042903385575
246,2.0000425174366185
247,2.0000421341653967
248,2.0000417535409047
249,2.000041375532569
250,2.000041000110246
251,2.0000406272442124
252,2.0000402569051565
253,2.0000398890641744
254,2.00003952369276
255,2.000039160762801
256,2.000038800246571
257,2.0000384421167228
258,2.000038086346283
259,2.0000377329086443
260,2.000037381777561
261,2.0000370329271426
262,2.000036686331847
263,2.000036341966476
264,2.0000359998061685
265,2.0000356598263953
266,2.000035322002954
267,2.000034986311964
268,2.00003465272986
269,2.000034321233387
270,2.000033991799597
271,2.000033664405841
272,2.000033339029768
273,2.000033015649316
274,2.000032694242711
275,2.0000323747884585
276,2.000032057265344
277,2.000031741652423
278,2.000031427929022
279,2.0000311160747284
280,2.0000308060693905
281,2.0000304978931154
282,2.000030191526256
283,2.0000298869494166
284,2.000029584143446
285,2.000029283089429
286,2.000028983768689
287,2.0000286861627816
288,2.0000283902534894
289,2.0000280960228216
290,2.0000278034530075
291,2.0000275125264957
292,2.000027223225949
293,2.0000269355342413
294,2.0000266494344543
295,2.000026364909874
296,2.000026081943989
297,2.000025800520485
298,2.000025520623246
299,2.000025242236343
300,2.0000249653440427
301,2.0000246899307936
302,2.0000244159812315
303,2.000024143480169
304,2.0000238724125987
305,2.0000236027636906
306,2.000023334518785
307,2.0000230676633923
308,2.000022802183192
309,2.0000225380640266
310,2.000022275291904
311,2.000022013852989
312,2.000021753733606
313,2.000021494920234
314,2.0000212373995057
315,2.0000209811582046
316,2.000020726183261
317,2.000020472461755
318,2.0000202199809065
319,2.0000199687280804
320,2.0000197186907815
321,2.0000194698566505
322,2.000019222213466
323,2.0000189757491387
324,2.0000187304517136
325,2.000018486309363
326,2.0000182433103895
327,2.0000180014432196
328,2.000017760696407
329,2.0000175210586266
330,2.000017282518674
331,2.0000170450654635
332,2.0000168086880286
333,2.000016573375517
334,2.00001633911719
335,2.0000161059024237
336,2.0000158737207023
337,2.0000156425616225
338,2.000015412414885
339,2.0000151832702997
340,2.000014955117779
341,2.000014727947341
342,2.000014501749104
343,2.0000142765132867
344,2.0000140522302075
345,2.000013828890281
346,2.0000136064840195
347,2.00001338500203
348,2.0000131644350128
349,2.0000129447737605
350,2.0000127260091567
351,2.000012508132175
352,2.000012291133877
353,2.0000120750054124
354,2.0000118597380165
355,2.000011645323011
356,2.0000114317517985
357,2.000011219015866
358,2.000011007106784
359,2.0000107960161992
360,2.000010585735842
361,2.0000103762575177
362,2.0000101675731106
363,2.000009959674581
364,2.000009752553965
365,2.0000095462033713
366,2.0000093406149824
367,2.0000091357810548
368,2.0000089316939134
369,2.000008728345956
370,2.0000085257296485
371,2.0000083238375255
372,2.0000081226621886
373,2.000007922196308
374,2.0000077224326174
375,2.000007523363918
376,2.0000073249830725
377,2.000007127283009
378,2.000006930256718
379,2.000006733897249
380,2.0000065381977157
381,2.0000063431512913
382,2.000006148751206
383,2.0000059549907516
384,2.0000057618632754
385,2.000005569362184
386,2.0000053774809374
387,2.000005186213054
388,2.000004995552107
389,2.0000048054917214
390,2.000004616025578
391,2.0000044271474096
392,2.000004238851002
393,2.0000040511301918
394,2.0000038639788658
395,2.0000036773909633
396,2.000003491360471
397,2.000003305881427
398,2.0000031209479143
399,2.0000029365540675
400,2.000002752694067
401,2.000002569362138
402,2.0000023865525556
403,2.000002204259636
404,2.0000020224777444
405,2.000001841201288
406,2.0000016604247186
407,2.0000014801425303
408,2.000001300349262
409,2.0000011210394932
410,2.000000942207846
411,2.000000763848983
412,2.0000005859576095
413,2.0000004085284675
414,2.000000231556343
415,2.000000055036057
416,1.9999998789624733
417,1.9999997033304915
418,1.9999995281350502
419,1.999999353371125
420,1.999999179033729
421,1.9999990051179108
422,1.9999988316187562
423,1.999998658531387
424,1.9999984858509583
425,1.9999983135726631
426,1.9999981416917256
427,1.9999979702034065
428,1.9999977991029994
429,1.9999976283858305
430,1.999997458047259
431,1.9999972880826782
432,1.9999971184875114
433,1.999996949257214
434,1.999996780387274
435,1.99999661187321
436,1.99999644371057
437,1.999996275894933
438,1.9999961084219091
439,1.999995941287135
440,1.9999957744862806
441,1.9999956080150416
442,1.9999954418691435
443,1.99999527604434
444,1.9999951105364122
445,1.999994945341169
446,1.9999947804544473
447,1.9999946158721098
448,1.999994451590047
449,1.9999942876041739
450,1.9999941239104344
451,1.9999939605047954
452,1.9999937973832516
453,1.9999936345418199
454,1.9999934719765458
455,1.999993309683496
456,1.9999931476587636
457,1.9999929858984649
458,1.9999928243987402
459,1.9999926631557536
460,1.999992502165692
461,1.9999923414247651
462,1.9999921809292063
463,1.9999920206752702
464,1.9999918606592337
465,1.999991700877397
466,1.9999915413260807
467,1.9999913820016277
468,1.999991222900401
469,1.9999910640187868
470,1.9999909053531884
471,1.9999907469000333
472,1.9999905886557674
473,1.9999904306168568
474,1.999990272779788
475,1.9999901151410666
476,1.9999899576972182
477,1.9999898004447854
478,1.9999896433803337
479,1.9999894865004435
480,1.9999893298017166
481,1.9999891732807713
482,1.999989016934244
483,1.9999888607587906
484,1.999988704751084
485,1.9999885489078133
486,1.9999883932256868
487,1.9999882377014293
488,1.9999880823317815
489,1.9999879271135024
490,1.9999877720433663
491,1.9999876171181654
492,1.9999874623347065
493,1.9999873076898138
494,1.9999871531803257
495,1.999986998803098
496,1.9999868445550009
497,1.9999866904329195
498,1.9999865364337563
499,1.9999863825544253
500,1.9999862287918582
501,1.9999860751430005
502,1.9999859216048115
503,1.9999857681742652
504,1.9999856148483506
505,1.9999854616240689
506,1.9999853084984365
507,1.999985155468483
508,1.9999850025312518
509,1.9999848496837993
510,1.9999846969231956
511,1.9999845442465225
512,1.9999843916508768
513,1.9999842391333669
514,1.999984086691113
515,1.9999839343212493
516,1.9999837820209216
517,1.9999836297872884
518,1.9999834776175187
519,1.9999833255087955
520,1.999983173458312
521,1.9999830214632741
522,1.9999828695208985
523,1.999982717628413
524,1.999982565783058
525,1.9999824139820834
526,1.9999822622227512
527,1.9999821105023337
528,1.9999819588181138
529,1.9999818071673852
530,1.9999816555474523
531,1.9999815039556301
532,1.9999813523892418
533,1.9999812008456237
534,1.9999810493221202
535,1.9999808978160858
536,1.9999807463248849
537,1.999980594845891
538,1.9999804433764887
539,1.9999802919140701
540,1.9999801404560378
541,1.9999799889998024
542,1.9999798375427855
543,1.9999796860824155
544,1.9999795346161306
545,1.9999793831413777
546,1.9999792316556126
547,1.999979080156299
548,1.9999789286409086
549,1.9999787771069235
550,1.9999786255518313
551,1.9999784739731297
552,1.9999783223683225
553,1.9999781707349231
554,1.999978019070453
555,1.9999778673724382
556,1.9999777156384164
557,1.9999775638659294
558,1.999977412052529
559,1.9999772601957724
560,1.9999771082932247
561,1.9999769563424585
562,1.9999768043410526
563,1.999976652286593
564,1.9999765001766718
565,1.9999763480088903
566,1.999976195780853
567,1.9999760434901732
568,1.9999758911344703
569,1.9999757387113686
570,1.9999755862185014
571,1.999975433653505
572,1.9999752810140246
573,1.9999751282977094
574,1.9999749755022151
575,1.9999748226252043
576,1.9999746696643432
577,1.9999745166173053
578,1.999974363481769
579,1.9999742102554188
580,1.999974056935943
581,1.9999739035210373
582,1.9999737500084018
583,1.9999735963957406
584,1.9999734426807652
585,1.9999732888611894
586,1.9999731349347338
587,1.9999729808991233
588,1.9999728267520873
589,1.99997267249136
590,1.999972518114681
591,1.9999723636197926
592,1.9999722090044432
593,1.9999720542663844
594,1.9999718994033735
595,1.99997174441317
596,1.9999715892935392
597,1.9999714340422505
598,1.9999712786570756
599,1.9999711231357917
600,1.999970967476179
601,1.9999708116760218
602,1.999970655733108
603,1.9999704996452299
604,1.9999703434101814
605,1.9999701870257613
606,1.9999700304897727
607,1.9999698738000191
608,1.9999697169543107
609,1.9999695599504577
610,1.9999694027862756
611,1.999969245459583
612,1.9999690879681993
613,1.999968930309949
614,1.9999687724826591
615,1.9999686144841582
616,1.9999684563122788
617,1.9999682979648554
618,1.9999681394397255
619,1.9999679807347284
620,1.999967821847707
621,1.999967662776506
622,1.999967503518971
623,1.9999673440729522
624,1.9999671844363016
625,1.999967024606871
626,1.9999668645825166
627,1.9999667043610958
628,1.9999665439404688
629,1.9999663833184955
630,1.9999662224930397
631,1.9999660614619663
632,1.999965900223141
633,1.9999657387744323
634,1.9999655771137101
635,1.999965415238845
636,1.9999652531477095
637,1.9999650908381774
638,1.999964928308124
639,1.999964765555426
640,1.9999646025779603
641,1.9999644393736058
642,1.999964275940242
643,1.9999641122757499
644,1.9999639483780107
645,1.9999637842449074
646,1.9999636198743231
647,1.999963455264142
648,1.9999632904122486
649,1.9999631253165284
650,1.9999629599748667
651,1.999962794385152
652,1.9999626285452683
653,1.9999624624531056
654,1.99996229610655
655,1.9999621295034902
656,1.9999619626418141
657,1.9999617955194098
658,1.999961628134166
659,1.9999614604839715
660,1.9999612925667138
661,1.9999611243802833
662,1.9999609559225666
663,1.9999607871914526
664,1.9999606181848288
665,1.9999604489005829
666,1.999960279336603
667,1.9999601094907744
668,1.9999599393609855
669,1.9999597689451205
670,1.9999595982410652
671,1.9999594272467052
672,1.9999592559599235
673,1.9999590843786037
674,1.9999589125006285
675,1.9999587403238797
676,1.9999585678462373
677,1.999958395065582
678,1.9999582219797913
679,1.9999580485867443
680,1.9999578748843172
681,1.999957700870385
682,1.9999575265428222
683,1.999957351899501
684,1.999957176938294
685,1.9999570016570702
686,1.9999568260536993
687,1.9999566501260473
688,1.9999564738719808
689,1.9999562972893636
690,1.9999561203760576
691,1.9999559431299234
692,1.9999557655488203
693,1.999955587630604
694,1.9999554093731313
695,1.9999552307742536
696,1.9999550518318232
697,1.9999548725436886
698,1.9999546929076968
699,1.9999545129216925
700,1.9999543325835187
701,1.999954151891015
702,1.9999539708420202
703,1.9999537894343689
704,1.9999536076658941
705,1.9999534255344278
706,1.9999532430377969
707,1.999953060173827
708,1.9999528769403414
709,1.99995269333516
710,1.9999525093561004
711,1.999952325000976
712,1.9999521402676006
713,1.9999519551537808
714,1.9999517696573244
715,1.9999515837760318
716,1.9999513975077043
717,1.999951210850138
718,1.9999510238011262
719,1.999950836358459
720,1.9999506485199232
721,1.9999504602833016
722,1.9999502716463746
723,1.9999500826069192
724,1.9999498931627073
725,1.9999497033115095
726,1.9999495130510905
727,1.9999493223792126
728,1.9999491312936348
729,1.9999489397921102
730,1.999948747872391
731,1.999948555532223
732,1.9999483627693493
733,1.9999481695815087
734,1.9999479759664354
735,1.9999477819218603
736,1.9999475874455097
737,1.999947392535106
738,1.9999471971883662
739,1.9999470014030045
740,1.9999468051767293
741,1.9999466085072455
742,1.9999464113922536
743,1.999946213829448
744,1.9999460158165197
745,1.999945817351156
746,1.999945618431037
747,1.9999454190538395
748,1.9999452192172351
749,1.9999450189188905
750,1.9999448181564679
751,1.9999446169276243
752,1.99994441523001
753,1.999944213061273
754,1.9999440104190536
755,1.9999438073009879
756,1.9999436037047065
757,1.9999433996278349
758,1.9999431950679933
759,1.9999429900227952
760,1.9999427844898503
761,1.9999425784667606
762,1.9999423719511242
763,1.9999421649405331
764,1.9999419574325727
765,1.9999417494248242
766,1.9999415409148593
767,1.999941331900249
768,1.9999411223785535
769,1.9999409123473297
770,1.9999407018041273
771,1.9999404907464897
772,1.9999402791719545
773,1.999940067078053
774,1.9999398544623102
775,1.9999396413222423
776,1.9999394276553635
777,1.999939213459177
778,1.999938998731182
779,1.99993878346887
780,1.9999385676697257
781,1.9999383513312279
782,1.9999381344508476
783,1.999937917026049
784,1.9999376990542888
785,1.999937480533018
786,1.999937261459678
787,1.9999370418317064
788,1.9999368216465307
789,1.9999366009015718
790,1.9999363795942444
791,1.999936157721954
792,1.9999359352820996
793,1.9999357122720722
794,1.9999354886892546
795,1.999935264531024
796,1.9999350397947464
797,1.999934814477783
798,1.9999345885774866
799,1.9999343620911998
800,1.9999341350162592
801,1.9999339073499929
802,1.9999336790897195
803,1.999933450232752
804,1.999933220776392
805,1.9999329907179348
806,1.9999327600546672
807,1.9999325287838658
808,1.9999322969028
809,1.9999320644087302
810,1.9999318312989072
811,1.9999315975705745
812,1.9999313632209659
813,1.999931128247306
814,1.9999308926468102
815,1.9999306564166854
816,1.99993041955413
817,1.9999301820563309
818,1.9999299439204676
819,1.9999297051437095
820,1.9999294657232167
821,1.9999292256561394
822,1.9999289849396182
823,1.999928743570785
824,1.9999285015467607
825,1.999928258864657
826,1.9999280155215746
827,1.9999277715146064
828,1.9999275268408327
829,1.9999272814973252
830,1.999927035481145
831,1.999926788789343
832,1.9999265414189593
833,1.9999262933670243
834,1.9999260446305565
835,1.9999257952065648
836,1.9999255450920481
837,1.9999252942839922
838,1.9999250427793744
839,1.9999247905751605
840,1.9999245376683037
841,1.9999242840557478
842,1.9999240297344256
843,1.9999237747012566
844,1.999923518953151
845,1.999923262487006
846,1.999923005299709
847,1.999922747388135
848,1.9999224887491454
849,1.9999222293795933
850,1.999921969276318
851,1.9999217084361463
852,1.9999214468558941
853,1.999921184532365
854,1.9999209214623497
855,1.9999206576426274
856,1.999920393069964
857,1.999920127741114
858,1.999919861652819
859,1.9999195948018071
860,1.9999193271847946
861,1.999919058798485
862,1.999918789639568
863,1.9999185197047207
864,1.9999182489906082
865,1.9999179774938798
866,1.9999177052111736
867,1.9999174321391147
868,1.9999171582743127
869,1.999916883613365
870,1.999916608152854
871,1.9999163318893518
872,1.999916054819411
873,1.9999157769395761
874,1.999915498246373
875,1.9999152187363154
876,1.9999149384059032
877,1.9999146572516202
878,1.9999143752699373
879,1.9999140924573098
880,1.99991380881018
881,1.9999135243249733
882,1.9999132389981007
883,1.9999129528259592
884,1.99991266580493
885,1.9999123779313799
886,1.9999120892016575
887,1.999911799612101
888,1.9999115091590287
889,1.9999112178387448
890,1.9999109256475385
891,1.9999106325816824
892,1.9999103386374322
893,1.9999100438110298
894,1.999909748098699
895,1.9999094514966482
896,1.9999091540010694
897,1.9999088556081368
898,1.9999085563140109
899,1.999908256114832
900,1.9999079550067258
901,1.9999076529858004
902,1.9999073500481463
903,1.999907046189838
904,1.9999067414069307
905,1.9999064356954654
906,1.9999061290514621
907,1.9999058214709242
908,1.9999055129498386
909,1.999905203484173
910,1.9999048930698775
911,1.999904581702883
912,1.9999042693791038
913,1.9999039560944347
914,1.9999036418447524
915,1.9999033266259145
916,1.9999030104337594
917,1.9999026932641084
918,1.999902375112761
919,1.9999020559754999
920,1.9999017358480873
921,1.9999014147262664
922,1.9999010926057594
923,1.999900769482272
924,1.9999004453514866
925,1.9999001202090665
926,1.999899794050656
927,1.9998994668718788
928,1.9998991386683378
929,1.9998988094356143
930,1.9998984791692704
931,1.9998981478648474
932,1.9998978155178646
933,1.9998974821238213
934,1.9998971476781946
935,1.99989681217644
936,1.9998964756139928
937,1.9998961379862652
938,1.9998957992886477
939,1.9998954595165102
940,1.9998951186651983
941,1.999894776730037
942,1.999894433706329
943,1.9998940895893518
944,1.9998937443743627
945,1.9998933980565958
946,1.9998930506312609
947,1.999892702093545
948,1.999892352438613
949,1.9998920016616042
950,1.9998916497576351
951,1.999891296721799
952,1.9998909425491642
953,1.9998905872347748
954,1.999890230773651
955,1.9998898731607877
956,1.9998895143911564
957,1.999889154459702
958,1.9998887933613458
959,1.999888431090983
960,1.9998880676434836
961,1.999887703013692
962,1.999887337196427
963,1.9998869701864819
964,1.999886601978622
965,1.9998862325675884
966,1.9998858619480948
967,1.9998854901148286
968,1.9998851170624499
969,1.9998847427855915
970,1.99988436727886
971,1.999883990536834
972,1.999883612554064
973,1.9998832333250736
974,1.9998828528443584
975,1.9998824711063847
976,1.9998820881055916
977,1.9998817038363885
978,1.9998813182931583
979,1.9998809314702517
980,1.9998805433619924
981,1.9998801539626747
982,1.999879763266562
983,1.9998793712678893
984,1.9998789779608601
985,1.99987858333965
986,1.999878187398402
987,1.99987779013123
988,1.9998773915322152
989,1.9998769915954095
990,1.999876590314833
991,1.9998761876844742
992,1.9998757836982897
993,1.999875378350205
994,1.9998749716341118
995,1.999874563543871
996,1.9998741540733105
997,1.999873743216225
998,1.999873330966376
999,1.9998729173174932
1000,1.9998725022632704
1001,1.9998720857973686
1002,1.9998716679134159
1003,1.9998712486050052
1004,1.9998708278656945
1005,1.9998704056890082
1006,1.999869982068434
1007,1.9998695569974263
1008,1.9998691304694027
1009,1.9998687024777464
1010,1.9998682730158026
1011,1.9998678420768816
1012,1.9998674096542577
1013,1.9998669757411673
1014,1.9998665403308102
1015,1.9998661034163494
1016,1.9998656649909101
1017,1.9998652250475784
1018,1.999864783579405
1019,1.999864340579399
1020,1.9998638960405344
1021,1.9998634499557437
1022,1.9998630023179205
1023,1.9998625531199203
1024,1.9998621023545582
1025,1.9998616500146082
1026,1.999861196092806
1027,1.9998607405818443
1028,1.9998602834743775
1029,1.9998598247630173
1030,1.9998593644403337
1031,1.9998589024988553
1032,1.9998584389310696
1033,1.9998579737294202
1034,1.9998575068863087
1035,1.9998570383940941
1036,1.9998565682450913
1037,1.9998560964315715
1038,1.9998556229457636
1039,1.9998551477798499
1040,1.9998546709259695
1041,1.9998541923762172
1042,1.9998537121226416
1043,1.9998532301572447
1044,1.9998527464719853
1045,1.9998522610587737
1046,1.999851773909474
1047,1.9998512850159056
1048,1.9998507943698376
1049,1.9998503019629932
1050,1.9998498077870466
1051,1.9998493118336254
1052,1.9998488140943078
1053,1.9998483145606216
1054,1.999847813224048
1055,1.999847310076016
1056,1.9998468051079055
1057,1.9998462983110463
1058,1.9998457896767166
1059,1.9998452791961436
1060,1.9998447668605042
1061,1.9998442526609215
1062,1.9998437365884671
1063,1.99984321863416
1064,1.9998426987889655
1065,1.9998421770437966
1066,1.9998416533895111
1067,1.9998411278169126
1068,1.9998406003167508
1069,1.9998400708797202
1070,1.999839539496459
1071,1.9998390061575493
1072,1.9998384708535188
1073,1.999837933574836
1074,1.9998373943119132
1075,1.9998368530551054
1076,1.9998363097947087
1077,1.999835764520962
1078,1.9998352172240437
1079,1.9998346678940735
1080,1.9998341165211122
1081,1.9998335630951587
1082,1.999833007606152
1083,1.9998324500439697
1084,1.9998318903984278
1085,1.9998313286592806
1086,1.9998307648162181
1087,1.9998301988588703
1088,1.9998296307768004
1089,1.9998290605595097
1090,1.9998284881964337
1091,1.9998279136769437
1092,1.9998273369903456
1093,1.9998267581258782
1094,1.9998261770727146
1095,1.9998255938199612
1096,1.9998250083566558
1097,1.9998244206717688
1098,1.999823830754203
1099,1.9998232385927897
1100,1.999822644176292
1101,1.9998220474934034
1102,1.9998214485327455
1103,1.9998208472828691
1104,1.9998202437322536
1105,1.9998196378693054
1106,1.9998190296823577
1107,1.9998184191596713
1108,1.999817806289432
1109,1.9998171910597518
1110,1.9998165734586664
1111,1.999815953474136
1112,1.9998153310940454
1113,1.9998147063062013
1114,1.9998140790983325
1115,1.9998134494580917
1116,1.9998128173730498
1117,1.9998121828307
1118,1.9998115458184567
1119,1.99981090632365
1120,1.999810264333532
1121,1.9998096198352715
1122,1.9998089728159538
1123,1.9998083232625843
1124,1.9998076711620798
1125,1.999807016501276
1126,1.9998063592669215
1127,1.9998056994456808
1128,1.9998050370241294
1129,1.9998043719887564
1130,1.999803704325965
1131,1.999803034022066
1132,1.999802361063285
1133,1.999801685435753
1134,1.9998010071255135
1135,1.9998003261185167
1136,1.9997996424006215
1137,1.9997989559575935
1138,1.9997982667751035
1139,1.99979757483873
1140,1.9997968801339538
1141,1.9997961826461612
1142,1.99979548236064
1143,1.999794779262583
1144,1.9997940733370818
1145,1.99979336456913
1146,1.9997926529436225
1147,1.9997919384453509
1148,1.9997912210590065
1149,1.999790500769178
1150,1.9997897775603508
1151,1.9997890514169059
1152,1.9997883223231192
1153,1.9997875902631612
1154,1.9997868552210956
1155,1.9997861171808777
1156,1.999785376126355
1157,1.999784632041266
1158,1.9997838849092378
1159,1.9997831347137875
1160,1.9997823814383193
1161,1.9997816250661238
1162,1.9997808655803793
1163,1.9997801029641482
1164,1.9997793372003763
1165,1.9997785682718938
1166,1.9997777961614123
1167,1.999777020851526
1168,1.9997762423247067
1169,1.9997754605633078
1170,1.9997746755495598
1171,1.999773887265571
1172,1.999773095693325
1173,1.9997723008146817
1174,1.9997715026113738
1175,1.9997707010650076
1176,1.999769896157062
1177,1.9997690878688856
1178,1.999768276181698
1179,1.9997674610765859
1180,1.9997666425345053
1181,1.9997658205362767
1182,1.9997649950625886
1183,1.9997641660939902
1184,1.9997633336108973
1185,1.9997624975935844
1186,1.99976165802219
1187,1.999760814876708
1188,1.9997599681369942
1189,1.9997591177827587
1190,1.99975826379357
1191,1.99975740614885
1192,1.9997565448278731
1193,1.9997556798097664
1194,1.9997548110735086
1195,1.9997539385979275
1196,1.9997530623616977
1197,1.999752182343343
1198,1.9997512985212313
1199,1.9997504108735757
1200,1.9997495193784305
1201,1.9997486240136935
1202,1.9997477247571007
1203,1.9997468215862302
1204,1.9997459144784928
1205,1.9997450034111384
1206,1.9997440883612505
1207,1.9997431693057461
1208,1.9997422462213725
1209,1.9997413190847082
1210,1.9997403878721605
1211,1.9997394525599628
1212,1.999738513124174
1213,1.9997375695406785
1214,1.9997366217851813
1215,1.9997356698332096
1216,1.9997347136601087
1217,1.9997337532410429
1218,1.9997327885509915
1219,1.9997318195647487
1220,1.999730846256921
1221,1.9997298686019267
1222,1.9997288865739928
1223,1.9997279001471544
1224,1.9997269092952523
1225,1.9997259139919312
1226,1.9997249142106395
1227,1.9997239099246245
1228,1.9997229011069335
1229,1.9997218877304106
1230,1.9997208697676951
1231,1.9997198471912196
1232,1.999718819973209
1233,1.9997177880856754
1234,1.9997167515004204
1235,1.9997157101890322
1236,1.9997146641228805
1237,1.999713613273118
1238,1.9997125576106773
1239,1.9997114971062693
1240,1.9997104317303784
1241,1.999709361453265
1242,1.99970828624496
1243,1.9997072060752639
1244,1.9997061209137448
1245,1.9997050307297353
1246,1.9997039354923327
1247,1.999702835170393
1248,1.999701729732532
1249,1.9997006191471214
1250,1.9996995033822884
1251,1.9996983824059091
1252,1.999697256185612
1253,1.9996961246887706
1254,1.9996949878825052
1255,1.9996938457336761
1256,1.9996926982088858
1257,1.9996915452744726
1258,1.9996903868965106
1259,1.999689223040807
1260,1.9996880536728976
1261,1.9996868787580462
1262,1.9996856982612423
1263,1.999684512147196
1264,1.999683320380339
1265,1.9996821229248187
1266,1.9996809197444958
1267,1.999679710802945
1268,1.999678496063447
1269,1.999677275488991
1270,1.9996760490422676
1271,1.9996748166856684
1272,1.9996735783812822
1273,1.9996723340908922
1274,1.9996710837759726
1275,1.999669827397688
1276,1.999668564916886
1277,1.999667296294099
1278,1.9996660214895372
1279,1.9996647404630883
1280,1.9996634531743118
1281,1.9996621595824375
1282,1.9996608596463634
1283,1.9996595533246488
1284,1.999658240575515
1285,1.9996569213568391
1286,1.9996555956261512
1287,1.999654263340633
1288,1.999652924457111
1289,1.9996515789320564
1290,1.9996502267215785
1291,1.999648867781425
1292,1.999647502066972
1293,1.9996461295332284
1294,1.9996447501348256
1295,1.9996433638260178
1296,1.9996419705606758
1297,1.9996405702922844
1298,1.9996391629739376
1299,1.999637748558337
1300,1.9996363269977842
1301,1.9996348982441803
1302,1.9996334622490195
1303,1.999632018963386
1304,1.9996305683379492
1305,1.999629110322961
1306,1.9996276448682497
1307,1.9996261719232171
1308,1.9996246914368327
1309,1.9996232033576316
1310,1.999621707633707
1311,1.999620204212709
1312,1.999618693041837
1313,1.9996171740678368
1314,1.999615647236997
1315,1.999614112495141
1316,1.999612569787625
1317,1.9996110190593326
1318,1.999609460254669
1319,1.999607893317558
1320,1.9996063181914332
1321,1.9996047348192378
1322,1.9996031431434154
1323,1.999601543105908
1324,1.9995999346481481
1325,1.9995983177110555
1326,1.9995966922350301
1327,1.9995950581599469
1328,1.9995934154251525
1329,1.9995917639694563
1330,1.9995901037311279
1331,1.999588434647889
1332,1.9995867566569085
1333,1.9995850696947983
1334,1.9995833736976032
1335,1.9995816686007997
1336,1.9995799543392867
1337,1.9995782308473808
1338,1.9995764980588095
1339,1.9995747559067045
1340,1.9995730043235977
1341,1.9995712432414106
1342,1.9995694725914515
1343,1.9995676923044075
1344,1.9995659023103372
1345,1.999564102538665
1346,1.9995622929181733
1347,1.9995604733769963
1348,1.9995586438426125
1349,1.9995568042418381
1350,1.9995549545008184
1351,1.999553094545022
1352,1.9995512242992337
1353,1.9995493436875447
1354,1.9995474526333474
1355,1.999545551059327
1356,1.9995436388874528
1357,1.9995417160389706
1358,1.9995397824343968
1359,1.9995378379935072
1360,1.9995358826353309
1361,1.9995339162781418
1362,1.9995319388394477
1363,1.999529950235987
1364,1.9995279503837138
1365,1.9995259391977944
1366,1.999523916592596
1367,1.999521882481677
1368,1.9995198367777793
1369,1.9995177793928205
1370,1.9995157102378813
1371,1.9995136292231972
1372,1.9995115362581517
1373,1.9995094312512616
1374,1.9995073141101711
1375,1.9995051847416419
1376,1.9995030430515401
1377,1.9995008889448282
1378,1.999498722325555
1379,1.9994965430968437
1380,1.999494351160883
1381,1.9994921464189148
1382,1.9994899287712233
1383,1.9994876981171266
1384,1.9994854543549607
1385,1.9994831973820741
1386,1.9994809270948104
1387,1.9994786433885015
1388,1.9994763461574516
1389,1.999474035294929
1390,1.9994717106931525
1391,1.9994693722432777
1392,1.9994670198353863
1393,1.999464653358474
1394,1.999462272700435
1395,1.999459877748052
1396,1.999457468386981
1397,1.9994550445017394
1398,1.9994526059756916
1399,1.9994501526910349
1400,1.9994476845287878
1401,1.999445201368773
1402,1.9994427030896054
1403,1.999440189568676
1404,1.9994376606821396
1405,1.999435116304897
1406,1.9994325563105813
1407,1.9994299805715428
1408,1.9994273889588348
1409,1.9994247813421937
1410,1.999422157590029
1411,1.9994195175694012
1412,1.9994168611460097
1413,1.9994141881841745
1414,1.9994114985468194
1415,1.9994087920954549
1416,1.9994060686901611
1417,1.9994033281895716
1418,1.9994005704508517
1419,1.9993977953296842
1420,1.9993950026802492
1421,1.9993921923552072
1422,1.999389364205677
1423,1.9993865180812211
1424,1.9993836538298224
1425,1.9993807712978653
1426,1.9993778703301186
1427,1.9993749507697114
1428,1.9993720124581136
1429,1.9993690552351189
1430,1.999366078938817
1431,1.9993630834055778
1432,1.999360068470026
1433,1.9993570339650217
1434,1.9993539797216366
1435,1.9993509055691312
1436,1.9993478113349323
1437,1.999344696844609
1438,1.9993415619218498
1439,1.9993384063884372
1440,1.9993352300642255
1441,1.9993320327671131
1442,1.99932881431302
1443,1.99932557451586
1444,1.9993223131875153
1445,1.9993190301378134
1446,1.9993157251744957
1447,1.999312398103192
1448,1.9993090487273943
1449,1.9993056768484279
1450,1.9993022822654218
1451,1.999298864775283
1452,1.9992954241726641
1453,1.9992919602499362
1454,1.9992884727971565
1455,1.9992849616020387
1456,1.9992814264499241
1457,1.9992778671237452
1458,1.9992742834039987
1459,1.99927067506871
1460,1.9992670418934015
1461,1.999263383651058
1462,1.9992597001120935
1463,1.9992559910443184
1464,1.9992522562129005
1465,1.9992484953803324
1466,1.999244708306394
1467,1.9992408947481168
1468,1.9992370544597446
1469,1.9992331871926996
1470,1.9992292926955393
1471,1.9992253707139196
1472,1.9992214209905554
1473,1.9992174432651795
1474,1.999213437274502
1475,1.9992094027521699
1476,1.9992053394287206
1477,1.9992012470315443
1478,1.999197125284838
1479,1.9991929739095595
1480,1.9991887926233858
1481,1.999184581140664
1482,1.9991803391723675
1483,1.9991760664260467
1484,1.9991717626057826
1485,1.9991674274121365
1486,1.9991630605421016
1487,1.9991586616890538
1488,1.9991542305426955
1489,1.9991497667890101
1490,1.9991452701102053
1491,1.9991407401846586
1492,1.9991361766868652
1493,1.9991315792873827
1494,1.9991269476527713
1495,1.9991222814455396
1496,1.9991175803240844
1497,1.9991128439426338
1498,1.9991080719511825
1499,1.999103263995437
1500,1.9990984197167458
1501,1.9990935387520439
1502,1.9990886207337801
1503,1.999083665289859
1504,1.9990786720435703
1505,1.999073640613521
1506,1.99906857061357
1507,1.9990634616527525
1508,1.999058313335214
1509,1.9990531252601358
1510,1.99904789702166
1511,1.999042628208818
1512,1.99903731840545
1513,1.9990319671901313
1514,1.9990265741360915
1515,1.9990211388111347
1516,1.9990156607775587
1517,1.9990101395920696
1518,1.9990045748056997
1519,1.9989989659637233
1520,1.9989933126055643
1521,1.99898761426471
1522,1.9989818704686226
1523,1.9989760807386436
1524,1.9989702445899018
1525,1.9989643615312196
1526,1.9989584310650121
1527,1.9989524526871922
1528,1.998946425887068
1529,1.9989403501472403
1530,1.9989342249435011
1531,1.998928049744725
1532,1.9989218240127613
1533,1.9989155472023277
1534,1.9989092187608948
1535,1.998902838128573
1536,1.998896404737999
1537,1.998889918014215
1538,1.9988833773745522
1539,1.9988767822285043
1540,1.998870131977606
1541,1.9988634260153069
1542,1.9988566637268395
1543,1.9988498444890905
1544,1.9988429676704662
1545,1.9988360326307562
1546,1.9988290387209946
1547,1.998821985283319
1548,1.9988148716508245
1549,1.9988076971474227
1550,1.9988004610876855
1551,1.9987931627766966
1552,1.9987858015098978
1553,1.9987783765729263
1554,1.9987708872414616
1555,1.9987633327810514
1556,1.9987557124469544
1557,1.9987480254839642
1558,1.998740271126239
1559,1.9987324485971225
1560,1.9987245571089658
1561,1.9987165958629438
1562,1.9987085640488664
1563,1.998700460844991
1564,1.9986922854178264
1565,1.9986840369219332
1566,1.998675714499727
1567,1.9986673172812681
1568,1.998658844384052
1569,1.9986502949128007
1570,1.9986416679592383
1571,1.998632962601873
1572,1.9986241779057683
1573,1.998615312922315
1574,1.9986063666889908
1575,1.998597338229126
1576,1.9985882265516541
1577,1.9985790306508644
1578,1.9985697495061447
1579,1.9985603820817257
1580,1.9985509273264122
1581,1.998541384173313
1582,1.9985317515395695
1583,1.9985220283260685
1584,1.9985122134171576
1585,1.9985023056803553
1586,1.9984923039660485
1587,1.9984822071071882
1588,1.9984720139189813
1589,1.99846172319857
1590,1.9984513337247096
1591,1.9984408442574384
1592,1.9984302535377405
1593,1.998419560287199
1594,1.9984087632076504
1595,1.998397860980818
1596,1.9983868522679535
1597,1.9983757357094596
1598,1.9983645099245084
1599,1.9983531735106537
1600,1.9983417250434328
1601,1.9983301630759578
1602,1.998318486138507
1603,1.9983066927380966
1604,1.9982947813580496
1605,1.998282750457557
1606,1.9982705984712228
1607,1.9982583238086082
1608,1.998245924853757
1609,1.9982333999647188
1610,1.9982207474730558
1611,1.998207965683344
1612,1.998195052872659
1613,1.9981820072900542
1614,1.9981688271560256
1615,1.9981555106619655
1616,1.998142055969607
1617,1.9981284612104497
1618,1.9981147244851796
1619,1.998100843863073
1620,1.9980868173813873
1621,1.9980726430447406
1622,1.9980583188244725
1623,1.9980438426579985
1624,1.9980292124481407
1625,1.998014426062451
1626,1.9979994813325184
1627,1.9979843760532547
1628,1.997969107982171
1629,1.9979536748386348
1630,1.9979380743031103
1631,1.9979223040163814
1632,1.9979063615787607
1633,1.9978902445492714
1634,1.997873950444823
1635,1.9978574767393558
1636,1.9978408208629759
1637,1.9978239802010624
1638,1.9978069520933617
1639,1.9977897338330508
1640,1.9977723226657909
1641,1.9977547157887463
1642,1.9977369103495932
1643,1.9977189034454952
1644,1.9977006921220584
1645,1.9976822733722646
1646,1.9976636441353741
1647,1.9976448012958072
1648,1.9976257416819971
1649,1.997606462065215
1650,1.997586959158368
1651,1.9975672296147704
1652,1.9975472700268786
1653,1.9975270769250075
1654,1.9975066467760028
1655,1.997485975981891
1656,1.997465060878493
1657,1.9974438977340006
1658,1.9974224827475284
1659,1.997400812047619
1660,1.9973788816907185
1661,1.9973566876596134
1662,1.9973342258618274
1663,1.9973114921279809
1664,1.9972884822101076
1665,1.997265191779932
1666,1.997241616427103
1667,1.997217751657381
1668,1.9971935928907865
1669,1.9971691354596932
1670,1.997144374606879
1671,1.9971193054835308
1672,1.9970939231471898
1673,1.9970682225596534
1674,1.9970421985848192
1675,1.997015845986477
1676,1.99698915942604
1677,1.9969621334602246
1678,1.996934762538665
1679,1.9969070410014682
1680,1.9968789630767083
1681,1.9968505228778533
1682,1.9968217144011242
1683,1.9967925315227917
1684,1.9967629679963925
1685,1.9967330174498847
1686,1.996702673382717
1687,1.99667192916283
1688,1.996640778023575
1689,1.9966092130605493
1690,1.9965772272283528
1691,1.9965448133372536
1692,1.9965119640497688
1693,1.9964786718771514
1694,1.9964449291757858
1695,1.996410728143482
1696,1.996376060815677
1697,1.9963409190615287
1698,1.9963052945799047
1699,1.996269178895266
1700,1.996232563353433
1701,1.9961954391172436
1702,1.9961577971620843
1703,1.996119628271309
1704,1.9960809230315202
1705,1.996041671827732
1706,1.9960018648383906
1707,1.9959614920302637
1708,1.9959205431531828
1709,1.9958790077346453
1710,1.9958368750742586
1711,1.9957941342380359
1712,1.9957507740525287
1713,1.995706783098795
1714,1.9956621497061995
1715,1.9956168619460342
1716,1.9955709076249648
1717,1.9955242742782873
1718,1.995476949162991
1719,1.9954289192506298
1720,1.9953801712199835
1721,1.995330691449515
1722,1.9952804660096026
1723,1.9952294806545587
1724,1.99517772081441
1725,1.995125171586443
1726,1.9950718177265068
1727,1.9950176436400573
1728,1.9949626333729458
1729,1.9949067706019379
1730,1.9948500386249488
1731,1.9947924203510015
1732,1.9947338982898828
1733,1.9946744545414954
1734,1.9946140707848987
1735,1.9945527282670212
1736,1.9944904077910386
1737,1.9944270897044087
1738,1.994362753886547
1739,1.9942973797361319
1740,1.9942309461580376
1741,1.9941634315498646
1742,1.9940948137880725
1743,1.994025070213692
1744,1.9939541776176046
1745,1.9938821122253783
1746,1.993808849681642
1747,1.9937343650339858
1748,1.9936586327163703
1749,1.9935816265320287
1750,1.9935033196358478
1751,1.9934236845162083
1752,1.9933426929762685
1753,1.993260316114668
1754,1.993176524305643
1755,1.9930912871785236
1756,1.9930045735965978
1757,1.9929163516353205
1758,1.992826588559848
1759,1.9927352508018688
1760,1.9926423039357206
1761,1.9925477126537552
1762,1.9924514407409355
1763,1.9923534510486418
1764,1.9922537054676512
1765,1.9921521649002703
1766,1.992048789231597
1767,1.9919435372998686
1768,1.9918363668658845
1769,1.9917272345814574
1770,1.99161609595687
1771,1.9915029053273021
1772,1.9913876158181951
1773,1.991270179309514
1774,1.991150546398883
1775,1.9910286663635404
1776,1.9909044871210928
1777,1.9907779551890097
1778,1.9906490156428402
1779,1.9905176120730879
1780,1.9903836865407118
1781,1.990247179531215
1782,1.990108029907256
1783,1.9899661748597524
1784,1.9898215498574237
1785,1.9896740885947166
1786,1.9895237229380671
1787,1.989370382870448
1788,1.989213996434136
1789,1.9890544896716584
1790,1.988891786564844
1791,1.9887258089719322
1792,1.9885564765626689
1793,1.9883837067513352
1794,1.988207414627635
1795,1.9880275128853842
1796,1.9878439117489228
1797,1.9876565188971915
1798,1.9874652393853909
1799,1.9872699755641567
1800,1.9870706269961733
1801,1.986867090370144
1802,1.9866592594120536
1803,1.9864470247936217
1804,1.9862302740378834
1805,1.9860088914218026
1806,1.9857827578758394
1807,1.985551750880373
1808,1.9853157443589105
1809,1.9850746085679694
1810,1.9848282099835568
1811,1.9845764111841524
1812,1.9843190707300886
1813,1.9840560430392458
1814,1.9837871782589613
1815,1.9835123221340494
1816,1.9832313158708448
1817,1.9829439959971606
1818,1.982650194218066
1819,1.9823497372673895
1820,1.9820424467548325
1821,1.9817281390086152
1822,1.9814066249135385
1823,1.9810777097443713
1824,1.9807411929944703
1825,1.9803968681995263
1826,1.980044522756355
1827,1.9796839377366346
1828,1.979314887695502
1829,1.978937140474926
1830,1.9785504570017736
1831,1.9781545910804896
1832,1.977749289180325
1833,1.97733429021704
1834,1.9769093253290198
1835,1.9764741176477632
1836,1.9760283820626783
1837,1.9755718249801653
1838,1.975104144076945
1839,1.9746250280476285
1840,1.9741341563465116
1841,1.9736311989236033
1842,1.9731158159549116
1843,1.9725876575670171
1844,1.9720463635559877
1845,1.9714915631007006
1846,1.970922874470655
1847,1.9703399047283916
1848,1.9697422494266341
1849,1.9691294923003118
1850,1.9685012049536346
1851,1.9678569465424225
1852,1.9671962634519222
1853,1.966518688970357
1854,1.9658237429585148
1855,1.9651109315156865
1856,1.9643797466423143
1857,1.963629665899742
1858,1.9628601520674986
1859,1.9620706527985927
1860,1.9612606002733126
1861,1.960429410852115
1862,1.959576484728172
1863,1.9587012055802506
1864,1.9578029402265962
1865,1.956881038280579
1866,1.9559348318088872
1867,1.9549636349931059
1868,1.9539667437955908
1869,1.9529434356305566
1870,1.9518929690414026
1871,1.9508145833852977
1872,1.949707498526133
1873,1.948570914536984
1874,1.9474040114132642
1875,1.9462059487978114
1876,1.94497586571917
1877,1.943712880344385
1878,1.942416089747641
1879,1.9410845696961094
1880,1.939717374454389
1881,1.9383135366089306
1882,1.936872066913832
1883,1.935391954159401
1884,1.9338721650648283
1885,1.9323116441963202
1886,1.9307093139119513
1887,1.929064074334467
1888,1.927374803353151
1889,1.9256403566558091
1890,1.9238595677917496
1891,1.9220312482665458
1892,1.9201541876691461
1893,1.9182271538317432
1894,1.9162488930225534
1895,1.9142181301714245
1896,1.912133569127895
1897,1.9099938929510039
1898,1.9077977642298145
1899,1.9055438254332053
1900,1.9032306992870678
1901,1.900856989176609
1902,1.8984212795709279
1903,1.8959221364665404
1904,1.8933581078459485
1905,1.890727724146756
1906,1.8880294987362252
1907,1.8852619283855174
1908,1.8824234937371864
1909,1.8795126597588427
1910,1.87652787617519
1911,1.8734675778699845
1912,1.870330185248775
1913,1.8671141045526505
1914,1.8638177281125872
1915,1.860439434533471
1916,1.8569775887963158
1917,1.853430542266839
1918,1.8497966325982078
1919,1.8460741835156145
1920,1.8422615044702622
1921,1.838356890150497
1922,1.8343586198381239
1923,1.83026495659847
1924,1.8260741462935561
1925,1.821784416408737
1926,1.8173939746845496
1927,1.8129010075471048
1928,1.8083036783323791
1929,1.8036001253020575
1930,1.7987884594513355
1931,1.7938667621121431
1932,1.7888330823587628
1933,1.7836854342267072
1934,1.7784217937599984
1935,1.7730400959066788
1936,1.7675382312874124
1937,1.7619140428674487
1938,1.7561653225679026
1939,1.7502898078582962
1940,1.7442851783784663
1941,1.7381490526442747
1942,1.7318789848979703
1943,1.725472462170373
1944,1.7189269016283442
1945,1.7122396482869682
1946,1.7054079731715328
1947,1.6984290720195185
1948,1.6913000646172938
1949,1.684017994869922
1950,1.6765798317051819
1951,1.6689824709145247
1952,1.6612227380340168
1953,1.6532973923671495
1954,1.6452031322486929
1955,1.636936601644276
1956,1.6284943981740336
1957,1.6198730826403616
1958,1.6110691901294896
1959,1.6020792427441974
1960,1.5928997640105989
1961,1.5835272949855188
1962,1.5739584120727856
1963,1.5641897465368966
1964,1.554218005681219
1965,1.5440399956355348
1966,1.533652645674591
1967,1.5230530339658677
1968,1.5122384146213976
1969,1.501206245905633
1970,1.4899542194294844
1971,1.4784802901402117
1972,1.4667827068980874
1973,1.454860043414075
1974,1.4427112293082553
1975,1.4303355810365534
1976,1.4177328324233232
1977,1.404903164529535
1978,1.3918472345802928
1979,1.3785662036710318
1980,1.3650617629685893
1981,1.3513361581212517
1982,1.3373922115905539
1983,1.3232333426171652
1984,1.3088635845336913
1985,1.2942875991391227
1986,1.2795106878536053
1987,1.264538799379019
1988,1.249378533601608
1989,1.2340371414886535
1990,1.2185225207531096
1991,1.2028432070891135
1992,1.1870083608181117
1993,1.1710277488303142
1994,1.1549117217591915
1995,1.1386711863871446
1996,1.1223175733470971
1997,1.1058628002559683
1998,1.0893192304897161
1999,1.072699627883481
2000,1.056017107711956
2001,1.0392850843717847
2002,1.0225172162474623
2003,1.0057273482927147
2004,0.9889294528991661
2005,0.9721375696521619
2006,0.9553657445892583
2007,0.9386279695800767
2008,0.9219381224372669
2009,0.9053099083480207
2010,0.8887568031849453
2011,0.8722919992155185
2012,0.855928353682145
2013,0.8396783406716637
2014,0.8235540066354219
2015,0.8075669298603038
2016,0.7917281841287791
2017,0.7760483067433919
2018,0.7605372710293659
2019,0.7452044633692134
2020,0.7300586647663205
2021,0.7151080368812265
2022,0.7003601124354251
2023,0.6858217898334302
2024,0.6714993318150774
2025,0.6573983679167161
2026,0.6435239004923291
2027,0.6298803140236466
2028,0.6164713874319194
2029,0.6033003090930066
2030,0.59036969425146
2031,0.5776816045280696
2032,0.5652375692183329
2033,0.5530386080861418
2034,0.5410852553670835
2035,0.5293775847086174
2036,0.5179152347895145
2037,0.5066974353778383
2038,0.49572303360488174
2039,0.48499052025149536
2040,0.4744980558626866
2041,0.464243496525906
2042,0.45422441916776585
2043,0.444438146242792
2044,0.43488176970598147
2045,0.42555217417823554
2046,0.41644605923005673
2047,0.40755996072413364
2048,0.3988902711715
2049,0.39043325906884896
2050,0.38218508719627803
2051,0.3741418298652279
2052,0.3662994891157258
2053,0.3586540098702556
2054,0.35120129405871975
2055,0.34393721373508307
2056,0.3368576232114818
2057,0.32995837023986285
2058,0.3232353062747362
2059,0.3166842958533585
2060,0.31030122513175584
2061,0.30408200961649434
2062,0.29802260113304646
2063,0.29211899407209707
2064,0.2863672309552061
2065,0.28076340736097016
2066,0.2753036762522343
2067,0.2699842517440899
2068,0.2648014123513282
2069,0.2597515037528196
2070,0.25483094110891713
2071,0.2500362109665495
2072,0.24536387278510516
2073,0.24081056011465563
2074,0.23637298145642477
2075,0.2320479208338018
2076,0.2278322381005663
2077,0.22372286901139485
2078,0.21971682507814216
2079,0.215811193233859
2080,0.2120031353250138
2081,0.20828988745096094
2082,0.20466875916830335
2083,0.2011371325764936
2084,0.19769246129974738
2085,0.1943322693791567
2086,0.19105415008775736
2087,0.1878557646802388
2088,0.18473484108798272
2089,0.18168917256916955
2090,0.1787166163228175
2091,0.1758150920747924
2092,0.1729825806430585
2093,0.17021712248872364
2094,0.16751681625878387
2095,0.164879817325844
2096,0.16230433632953553
2097,0.15978863772382787
2098,0.15733103833394818
2099,0.15492990592618666
2100,0.1525836577934576
2101,0.15029075935911712
2102,0.14804972280120315
2103,0.14585910569895066
2104,0.14371750970315855
2105,0.14162357923173305
2106,0.13957600019149502
2107,0.13757349872713687
2108,0.13561483999802573
2109,0.13369882698337826
2110,0.1318242993161857
2111,0.12999013214613028
2112,0.12819523503160932
2113,0.12643855086088743
2114,0.12471905480228784
2115,0.12303575328326266
2116,0.12138768299810165
2117,0.11977390994397659
2118,0.11819352848496222
2119,0.11664566044363021
2120,0.11512945421976437
2121,0.1136440839357187
2122,0.11218874860790726
2123,0.11076267134388652
2124,0.10936509856448334
2125,0.10799529925039156
2126,0.10665256421266275
2127,0.10533620538649868
2128,0.10404555514775124
2129,0.10277996565153727
2130,0.10153880819236602
2131,0.10032147258518731
2132,0.09912736656676904
2133,0.09795591521681536
2134,0.09680656039824696
2135,0.09567876021607263
2136,0.0945719884942843
2137,0.09348573427022486
2138,0.0924195013058837
2139,0.0913728076155872
2140,0.09034518500955989
2141,0.08933617865285033
2142,0.08834534663911892
2143,0.08737225957880507
2144,0.08641650020119898
2145,0.0854776629699557
2146,0.08455535371160439
2147,0.08364918925661602
2148,0.08275879709260492
2149,0.08188381502925446
2150,0.08102389087456549
2151,0.08017868212204314
2152,0.0793478556484433
2153,0.07853108742171847
2154,0.07772806221880854
2155,0.07693847335293812
2156,0.07616202241008765
2157,0.07539841899432255
2158,0.07464738048166905
2159,0.07390863178224165
2160,0.07318190511033083
2161,0.0724669397621762
2162,0.0717634819011522
2163,0.07107128435011142
2164,0.07039010639063002
2165,0.06971971356891725
2166,0.06905987750815373
2167,0.06841037572703264
2168,0.06777099146428783
2169,0.06714151350899783
2170,0.06652173603646525
2171,0.06591145844947267
2172,0.06531048522473244
2173,0.06471862576434333
2174,0.06413569425208238
2175,0.0635615095143626
2176,0.06299589488569346
2177,0.06243867807848667
2178,0.061889691057058535
2179,0.06134876991568003
2180,0.06081575476053662
2181,0.0602904895954607
2182,0.05977282221130742
2183,0.05926260407884765
2184,0.058759690245056284
2185,0.0582639392326796
2186,0.05777521294297011
2187,0.057293376561476685
2188,0.05681829846679045
2189,0.05634985014214135
2190,0.055887906089749875
2191,0.055432343747840465
2192,0.05498304341022614
2193,0.054539888148375223
2194,0.05410276373588087
2195,0.05367155857524643
2196,0.05324616362691446
2197,0.05282647234045907
2198,0.05241238058787323
2199,0.05200378659887828
2200,0.05160059089818919
2201,0.05120269624467165
2202,0.050810007572325504
2203,0.05042243193303678
2204,0.05003987844103892
2205,0.04966225821902649
