1,2.0077464209733917
2,2.006474269246457
3,2.0049262280203126
4,2.003492880500625
5,2.0023622706063553
6,2.0015721065984313
7,2.0010751373337667
8,2.0007923981775093
9,2.0006466086440597
10,2.0005776659857277
11,2.000545903234368
12,2.000528899137167
13,2.000516127700557
14,2.0005039301589376
15,2.0004918390459174
16,2.000480372772707
17,2.0004699862206676
18,2.0004607529535288
19,2.0004524146402956
20,2.0004445519066367
21,2.0004367444327906
22,2.0004286703633314
23,2.000420142701043
24,2.0004111008447225
25,2.0004015790315055
26,2.0003916689121697
27,2.000381486681568
28,2.000371149209818
29,2.0003607595936095
30,2.0003504004494976
31,2.0003401325942862
32,2.0003299969132855
33,2.0003200177329714
34,2.000310206588144
35,2.000300565753874
36,2.0002910912518397
37,2.0002817752491246
38,2.000272607878064
39,2.0002635785533758
40,2.0002546768755716
41,2.0002458932059284
42,2.0002372189885804
43,2.000228646884392
44,2.0002201707709353
45,2.0002117856534465
46,2.000203487522934
47,2.0001952731896004
48,2.0001871401123927
49,2.0001790862390356
50,2.000171109865401
51,2.0001632095186253
52,2.000155383865065
53,2.00014763164183
54,2.0001399516091842
55,2.000132342520369
56,2.0001248031051713
57,2.000117332063727
58,2.000109928067462
59,2.0001025897645395
60,2.0000953157877586
61,2.0000881047633587
62,2.0000809553196532
63,2.000073866094791
64,2.000066835743273
65,2.000059862941078
66,2.0000529463894083
67,2.0000460848171713
68,2.000039276982396
69,2.0000325216727712
70,2.000025817705522
71,2.000019163926808
72,2.000012559210811
73,2.0000060024586404
74,1.999999492597162
75,1.9999930285778238
76,1.9999866093755276
77,1.999980233987586
78,1.9999739014327664
79,1.999967610750431
80,1.9999613609997775
81,1.9999551512591522
82,1.9999489806254505
83,1.9999428482135602
84,1.9999367531558672
85,1.9999306946017898
86,1.9999246717173471
87,1.9999186836847462
88,1.9999127297019879
89,1.9999068089824765
90,1.9999009207546519
91,1.9998950642616142
92,1.9998892387607676
93,1.9998834435234607
94,1.9998776778346365
95,1.9998719409924912
96,1.9998662323081347
97,1.9998605511052598
98,1.999854896719819
99,1.999849268499712
100,1.9998436658044727
101,1.9998380880049713
102,1.9998325344831218
103,1.9998270046315973
104,1.999821497853552
105,1.9998160135623517
106,1.9998105511813096
107,1.999805110143435
108,1.9997996898911792
109,1.999794289876197
110,1.9997889095591095
111,1.9997835484092734
112,1.9997782059045597
113,1.9997728815311326
114,1.9997675747832386
115,1.9997622851629995
116,1.9997570121802082
117,1.9997517553521336
118,1.9997465142033282
119,1.9997412882654386
120,1.9997360770770245
121,1.9997308801833797
122,1.9997256971363577
123,1.9997205274942011
124,1.9997153708213748
125,1.9997102266884093
126,1.9997050946717336
127,1.9996999743535282
128,1.9996948653215725
129,1.9996897671690932
130,1.9996846794946272
131,1.9996796019018754
132,1.9996745339995685
133,1.9996694754013307
134,1.9996644257255518
135,1.9996593845952542
136,1.999654351637971
137,1.9996493264856232
138,1.9996443087743985
139,1.9996392981446336
140,1.9996342942407022
141,1.9996292967109004
142,1.9996243052073384
143,1.9996193193858303
144,1.9996143389057934
145,1.9996093634301406
146,1.9996043926251832
147,1.999599426160529
148,1.9995944637089893
149,1.99958950494648
150,1.9995845495519329
151,1.9995795972072
152,1.9995746475969685
153,1.9995697004086714
154,1.9995647553324014
155,1.9995598120608282
156,1.9995548702891153
157,1.9995499297148374
158,1.999544990037904
159,1.9995400509604788
160,1.9995351121869054
161,1.999530173423628
162,1.9995252343791248
163,1.9995202947638262
164,1.9995153542900517
165,1.9995104126719343
166,1.999505469625354
167,1.9995005248678712
168,1.9994955781186556
169,1.9994906290984251
170,1.9994856775293801
171,1.9994807231351377
172,1.9994757656406716
173,1.9994708047722503
174,1.9994658402573753
175,1.9994608718247209
176,1.9994558992040772
177,1.9994509221262913
178,1.9994459403232074
179,1.999440953527614
180,1.9994359614731858
181,1.9994309638944299
182,1.9994259605266294
183,1.9994209511057914
184,1.9994159353685952
185,1.9994109130523348
186,1.9994058838948736
187,1.9994008476345866
188,1.9993958040103164
189,1.9993907527613164
190,1.9993856936272063
191,1.9993806263479204
192,1.999375550663657
193,1.9993704663148364
194,1.9993653730420464
195,1.999360270585997
196,1.999355158687476
197,1.9993500370872992
198,1.999344905526264
199,1.9993397637451054
200,1.9993346114844495
201,1.9993294484847688
202,1.9993242744863338
203,1.9993190892291728
204,1.9993138924530252
205,1.999308683897296
206,1.9993034633010134
207,1.9992982304027849
208,1.9992929849407526
209,1.9992877266525486
210,1.9992824552752553
211,1.9992771705453576
212,1.9992718721987042
213,1.9992665599704602
214,1.999261233595067
215,1.9992558928061979
216,1.9992505373367178
217,1.9992451669186369
218,1.9992397812830691
219,1.9992343801601917
220,1.9992289632791984
221,1.999223530368262
222,1.9992180811544853
223,1.9992126153638639
224,1.9992071327212395
225,1.999201632950259
226,1.9991961157733313
227,1.9991905809115846
228,1.9991850280848205
229,1.9991794570114743
230,1.9991738674085702
231,1.9991682589916757
232,1.9991626314748623
233,1.9991569845706565
234,1.9991513179900002
235,1.999145631442203
236,1.9991399246348993
237,1.9991341972740035
238,1.9991284490636658
239,1.9991226797062245
240,1.9991168889021624
241,1.999111076350061
242,1.999105241746554
243,1.9990993847862812
244,1.999093505161841
245,1.9990876025637445
246,1.9990816766803667
247,1.999075727197901
248,1.9990697538003097
249,1.999063756169273
250,1.9990577339841453
251,1.9990516869219024
252,1.9990456146570916
253,1.999039516861783
254,1.999033393205519
255,1.9990272433552607
256,1.9990210669753379
257,1.999014863727398
258,1.9990086332703507
259,1.9990023752603188
260,1.9989960893505785
261,1.99898977519151
262,1.9989834324305416
263,1.9989770607120918
264,1.9989706596775165
265,1.998964228965049
266,1.998957768209746
267,1.9989512770434248
268,1.9989447550946084
269,1.9989382019884674
270,1.9989316173467522
271,1.9989250007877413
272,1.998918351926172
273,1.9989116703731835
274,1.9989049557362502
275,1.998898207619118
276,1.9988914256217412
277,1.9988846093402144
278,1.9988777583667066
279,1.998870872289395
280,1.9988639506923942
281,1.9988569931556883
282,1.9988499992550601
283,1.9988429685620197
284,1.9988359006437304
285,1.9988287950629413
286,1.9988216513779042
287,1.998814469142304
288,1.9988072479051815
289,1.9987999872108535
290,1.9987926865988364
291,1.998785345603762
292,1.998777963755303
293,1.9987705405780836
294,1.9987630755916013
295,1.9987555683101381
296,1.9987480182426756
297,1.9987404248928085
298,1.9987327877586527
299,1.9987251063327598
300,1.9987173801020197
301,1.998709608547571
302,1.9987017911447058
303,1.9986939273627726
304,1.9986860166650797
305,1.9986780585087942
306,1.9986700523448433
307,1.9986619976178095
308,1.9986538937658282
309,1.9986457402204807
310,1.9986375364066868
311,1.9986292817425952
312,1.9986209756394728
313,1.9986126175015897
314,1.9986042067261076
315,1.9985957427029581
316,1.9985872248147283
317,1.9985786524365365
318,1.9985700249359104
319,1.9985613416726618
320,1.9985526019987596
321,1.9985438052581992
322,1.9985349507868713
323,1.9985260379124292
324,1.9985170659541476
325,1.9985080342227897
326,1.9984989420204626
327,1.9984897886404729
328,1.998480573367182
329,1.9984712954758566
330,1.9984619542325164
331,1.998452548893781
332,1.99844307870671
333,1.9984335429086477
334,1.9984239407270534
335,1.9984142713793425
336,1.9984045340727123
337,1.998394728003974
338,1.998384852359373
339,1.9983749063144147
340,1.99836488903368
341,1.9983547996706417
342,1.9983446373674743
343,1.998334401254863
344,1.998324090451808
345,1.998313704065425
346,1.998303241190741
347,1.998292700910488
348,1.9982820822948932
349,1.9982713844014608
350,1.9982606062747563
351,1.9982497469461804
352,1.9982388054337434
353,1.9982277807418323
354,1.9982166718609733
355,1.9982054777675922
356,1.9981941974237685
357,1.9981828297769826
358,1.9981713737598632
359,1.9981598282899249
360,1.9981481922693018
361,1.998136464584479
362,1.9981246441060132
363,1.9981127296882537
364,1.9981007201690524
365,1.9980886143694723
366,1.998076411093487
367,1.9980641091276765
368,1.998051707240916
369,1.9980392041840567
370,1.9980265986896035
371,1.9980138894713821
372,1.9980010752242046
373,1.9979881546235227
374,1.997975126325077
375,1.9979619889645375
376,1.9979487411571382
377,1.9979353814973042
378,1.9979219085582676
379,1.9979083208916817
380,1.99789461702722
381,1.9978807954721711
382,1.9978668547110265
383,1.9978527932050532
384,1.9978386093918656
385,1.997824301684982
386,1.997809868473373
387,1.9977953081210038
388,1.9977806189663612
389,1.9977657993219762
390,1.9977508474739296
391,1.997735761681354
392,1.9977205401759197
393,1.9977051811613133
394,1.9976896828127
395,1.997674043276181
396,1.9976582606682332
397,1.9976423330751376
398,1.997626258552399
399,1.9976100351241475
400,1.9975936607825306
401,1.9975771334870902
402,1.9975604511641256
403,1.9975436117060428
404,1.99752661297069
405,1.9975094527806752
406,1.9974921289226724
407,1.997474639146709
408,1.9974569811654388
409,1.9974391526533979
410,1.9974211512462423
411,1.9974029745399708
412,1.997384620090128
413,1.9973660854109894
414,1.9973473679747284
415,1.9973284652105627
416,1.997309374503883
417,1.997290093195357
418,1.9972706185800204
419,1.997250947906336
420,1.9972310783752425
421,1.9972110071391682
422,1.9971907313010338
423,1.9971702479132245
424,1.9971495539765343
425,1.997128646439096
426,1.9971075221952777
427,1.9970861780845488
428,1.9970646108903347
429,1.9970428173388242
430,1.997020794097763
431,1.9969985377752093
432,1.9969760449182647
433,1.996953312011769
434,1.9969303354769672
435,1.9969071116701405
436,1.9968836368812082
437,1.9968599073322875
438,1.9968359191762264
439,1.9968116684950927
440,1.9967871512986304
441,1.9967623635226737
442,1.9967373010275247
443,1.9967119595962854
444,1.9966863349331554
445,1.996660422661678
446,1.9966342183229449
447,1.9966077173737606
448,1.9965809151847471
449,1.9965538070384157
450,1.9965263881271773
451,1.9964986535513038
452,1.9964705983168418
453,1.996442217333467
454,1.996413505412284
455,1.9963844572635676
456,1.9963550674944495
457,1.996325330606538
458,1.9962952409934773
459,1.9962647929384456
460,1.9962339806115803
461,1.9962027980673391
462,1.9961712392417912
463,1.9961392979498322
464,1.996106967882326
465,1.9960742426031715
466,1.9960411155462867
467,1.9960075800125126
468,1.995973629166431
469,1.9959392560331004
470,1.995904453494695
471,1.9958692142870584
472,1.9958335309961548
473,1.995797396054431
474,1.9957608017370683
475,1.995723740158136
476,1.995686203266634
477,1.9956481828424293
478,1.9956096704920707
479,1.9955706576444912
480,1.9955311355465875
481,1.995491095258671
482,1.9954505276497954
483,1.9954094233929416
484,1.9953677729600743
485,1.9953255666170482
486,1.995282794418371
487,1.9952394462018161
488,1.9951955115828732
489,1.9951509799490426
490,1.9951058404539606
491,1.9950600820113493
492,1.9950136932887936
493,1.9949666627013292
494,1.9949189784048462
495,1.9948706282892879
496,1.994821599971655
497,1.9947718807887949
498,1.9947214577899772
499,1.9946703177292424
500,1.9946184470575221
501,1.9945658319145172
502,1.9945124581203288
503,1.9944583111668384
504,1.9944033762088136
505,1.9943476380547513
506,1.994291081157427
507,1.9942336896041628
508,1.994175447106782
509,1.9941163369912565
510,1.994056342187032
511,1.9939954452160058
512,1.993933628181177
513,1.993870872754917
514,1.993807160166881
515,1.9937424711915321
516,1.9936767861352616
517,1.9936100848231026
518,1.9935423465850133
519,1.9934735502417154
520,1.9934036740900782
521,1.9933326958880235
522,1.99326059283894
523,1.9931873415755899
524,1.9931129181434766
525,1.9930372979836837
526,1.9929604559151237
527,1.9928823661162136
528,1.9928030021059358
529,1.9927223367242615
530,1.992640342111927
531,1.9925569896895208
532,1.9924722501358683
533,1.992386093365686
534,1.9922984885064725
535,1.9922094038746128
536,1.9921188069506677
537,1.9920266643538067
538,1.9919329418153695
539,1.991837604151507
540,1.9917406152348716
541,1.9916419379653303
542,1.9915415342396436
543,1.9914393649200903
544,1.9913353898019839
545,1.9912295675800427
546,1.9911218558135735
547,1.9910122108904105
548,1.9909005879895738
549,1.990786941042594
550,1.9906712226934393
551,1.9905533842570076
552,1.990433375676118
553,1.9903111454769387
554,1.9901866407227928
555,1.9900598069662863
556,1.98993058819967
557,1.9897989268033913
558,1.9896647634927351
559,1.989528037262504
560,1.9893886853296352
561,1.9892466430736868
562,1.989101843975101
563,1.988954219551149
564,1.9888036992894738
565,1.9886502105791224
566,1.9884936786389686
567,1.9883340264434217
568,1.988171174645304
569,1.98800504149578
570,1.9878355427612262
571,1.9876625916368937
572,1.9874860986572516
573,1.9873059716028565
574,1.9871221154036194
575,1.9869344320382907
576,1.9867428204300426
577,1.986547176337953
578,1.986347392244229
579,1.9861433572369958
580,1.985934956888454
581,1.9857220731282128
582,1.985504584111593
583,1.9852823640826862
584,1.9850552832319441
585,1.984823207548069
586,1.9845859986639551
587,1.984343513696428
588,1.9840956050795184
589,1.9838421203909888
590,1.9835829021718205
591,1.9833177877383648
592,1.9830466089868275
593,1.9827691921897799
594,1.9824853577843136
595,1.9821949201515188
596,1.9818976873868772
597,1.9815934610611894
598,1.9812820359716277
599,1.980963199882477
600,1.98063673325512
601,1.9803024089668022
602,1.979959992017677
603,1.9796092392256353
604,1.9792498989083802
605,1.978881710552193
606,1.978504404466809
607,1.9781177014258091
608,1.9777213122918869
609,1.9773149376263406
610,1.9768982672821094
611,1.9764709799796298
612,1.9760327428647853
613,1.9755832110481655
614,1.9751220271248289
615,1.9746488206737363
616,1.9741632077359843
617,1.973664790270922
618,1.9731531555892172
619,1.9726278757618843
620,1.9720885070042622
621,1.971534589033872
622,1.9709656444010746
623,1.970381177791362
624,1.9697806752981288
625,1.9691636036646765
626,1.9685294094941934
627,1.9678775184263921
628,1.9672073342794483
629,1.9665182381558366
630,1.9658095875106114
631,1.965080715180638
632,1.9643309283732364
633,1.9635595076126389
634,1.9627657056426413
635,1.9619487462837604
636,1.9611078232431751
637,1.9602420988756935
638,1.9593507028939334
639,1.958432731025873
640,1.9574872436178907
641,1.9565132641813796
642,1.9555097778809878
643,1.9544757299625173
644,1.9534100241184837
645,1.9523115207893311
646,1.9511790353982852
647,1.9500113365178107
648,1.9488071439656784
649,1.9475651268286154
650,1.9462839014115794
651,1.9449620291107115
652,1.943598014208063
653,1.942190301586284
654,1.9407372743615108
655,1.9392372514327987
656,1.9376884849465672
657,1.9360891576746442
658,1.9344373803046757
659,1.932731188641843
660,1.9309685407210404
661,1.9291473138289315
662,1.9272653014355519
663,1.9253202100354767
664,1.923309655898901
665,1.9212311617334077
666,1.9190821532576345
667,1.9168599556885595
668,1.914561790144687
669,1.912184769968053
670,1.909725896968643
671,1.9071820575956004
672,1.9045500190404474
673,1.901826425278474
674,1.8990077930555056
675,1.896090507828362
676,1.8930708196686097
677,1.8899448391405713
678,1.8867085331660551
679,1.883357720889948
680,1.8798880695626166
681,1.8762950904570683
682,1.8725741348409901
683,1.8687203900261995
684,1.8647288755206366
685,1.860594439310923
686,1.8563117543066348
687,1.85187531498089
688,1.8472794342456238
689,1.8425182406040408
690,1.8375856756272637
691,1.8324754918071404
692,1.8271812508425898
693,1.82169632242279
694,1.8160138835769826
695,1.8101269186677613
696,1.8040282201124052
697,1.7977103899252522
698,1.7911658421832404
699,1.7843868065266468
700,1.7773653328178052
701,1.7700932970920906
702,1.7625624089478429
703,1.7547642205350922
704,1.7466901373168557
705,1.7383314307914133
706,1.729679253379105
707,1.7207246556926965
708,1.7114586064259003
709,1.7018720151099556
710,1.6919557580026465
711,1.6817007073873793
712,1.6710977645710006
713,1.6601378968772533
714,1.6488121789369028
715,1.637111838574481
716,1.6250283075838952
717,1.612553277669097
718,1.5996787618000239
719,1.586397161196037
720,1.572701338097209
721,1.5585846944159478
722,1.5440412562757344
723,1.5290657643382857
724,1.5136537696938925
725,1.4978017349410022
726,1.4815071399099315
727,1.4647685912926345
728,1.4475859352271325
729,1.4299603716546307
730,1.4118945690236924
731,1.3933927776652477
732,1.3744609399121228
733,1.3551067947966922
734,1.3353399749409187
735,1.3151720930667876
736,1.294616815415143
737,1.273689919280911
738,1.252409331866133
739,1.2307951477317116
740,1.2088696223049173
741,1.1866571391803373
742,1.164184149341185
743,1.1414790809249256
744,1.1185722187560017
745,1.0954955535569195
746,1.0722826015089109
747,1.048968195640643
748,1.0255882513488377
749,1.0021795091646655
750,0.9787792586389193
751,0.9554250478909744
752,0.9321543839173452
753,0.9090044291552133
754,0.8860117000210995
755,0.8632117731795753
756,0.8406390051359196
757,0.8183262703945476
758,0.796304722896579
759,0.7746035847692186
760,0.7532499656183044
761,0.7322687147108535
762,0.7116823074668568
763,0.6915107667497575
764,0.6717716185514857
765,0.652479880844822
766,0.6336480836513456
767,0.6152863177681223
768,0.5974023091236687
769,0.5800015153989286
770,0.5630872413502243
771,0.5466607692004258
772,0.5307215005090571
773,0.5152671060754049
774,0.5002936806524488
775,0.48579589953435565
776,0.471767174407501
777,0.45819980620683964
778,0.4450851330802691
779,0.43241367191996416
780,0.42017525226079444
781,0.40835914166351256
782,0.39695416198867906
783,0.3859487962226715
784,0.37533128573789826
785,0.3650897180554492
786,0.3552121053309932
787,0.3456864539058764
788,0.33650082535777126
789,0.32764338955200545
790,0.31910247023913796
791,0.31086658376967724
792,0.30292447150631624
793,0.29526512651054854
794,0.28787781506681476
795,0.2807520935857509
796,0.27387782140079675
797,0.26724516994114444
798,0.26084462873026815
799,0.25466700862430275
800,0.2487034426693242
801,0.24294538492186105
802,0.23738460754340582
803,0.23201319644759621
804,0.2268235457485379
805,0.2218083512304894
806,0.21696060303306047
807,0.21227357772208202
808,0.20774082989450338
809,0.20335618344586845
810,0.1991137226111419
811,0.19500778287368492
812,0.1910329418229943
813,0.18718401002919546
814,0.18345602199116212
815,0.17984422720536178
816,0.17634408139394334
817,0.17295123792315636
818,0.16966153943669
819,0.16647100972295012
820,0.163375845830478
821,0.16037241044160935
822,0.15745722451096986
823,0.15462696017245206
824,0.15187843391583083
825,0.14920860003209954
826,0.1466145443249019
827,0.1440934780840282
828,0.1416427323158189
829,0.13925975222441045
830,0.13694209193706683
831,0.1346874094663064
832,0.13249346190114378
833,0.13035810081951504
834,0.12827926791378375
835,0.1262549908211612
836,0.12428337915086841
837,0.12236262069993188
838,0.12049097784960591
839,0.11866678413456659
840,0.11688844097719907
841,0.11515441457949993
842,0.11346323296534067
843,0.11181348316606826
844,0.11020380854267037
845,0.10863290623797153
846,0.10709952475259217
847,0.10560246163864292
848,0.10414056130538979
849,0.10271271293136677
850,0.10131784847766222
851,0.09995494079734013
852,0.09862300183619284
853,0.09732108092024849
854,0.0960482631256726
855,0.09480366772691418
856,0.09358644671915409
857,0.0923957834113029
858,0.09123089108598524
859,0.09009101172312878
860,0.0889754147839436
861,0.08788339605224292
862,0.08681427653021437
863,0.08576740138589631
864,0.08474213894975471
865,0.08373787975789898
866,0.08275403563959004
867,0.08179003884682698
868,0.08084534122390953
869,0.07991941341497999
870,0.0790117441076614
871,0.07812183931099627
872,0.0772492216659919
873,0.07639342978716417
874,0.07555401763355245
875,0.07473055390776497
876,0.07392262148168159
877,0.07312981684751646
878,0.07235174959300986
879,0.07158804189958193
880,0.07083832806234087
881,0.07010225403089707
882,0.06937947696998568
883,0.0686696648389553
884,0.06797249598922676
885,0.06728765877886915
886,0.06661485120349124
887,0.06595378054267771
888,0.0653041630212475
889,0.06466572348464095
890,0.06403819508778436
891,0.0634213189968053
892,0.06281484410301212
893,0.062218526748572665
894,0.06163213046336177
895,0.061055425712467915
896,0.060488189653878546
897,0.05993020590588584
898,0.059381264323777494
899,0.05884116078539752
900,0.058309696985182735
901,0.05778668023630242
902,0.057271923280540565
903,0.056765244105585075
904,0.056266465769397124
905,0.05577541623135597
906,0.055291928189883946
907,0.05481583892627394
908,0.054346990154451914
909,0.053885227876423046
910,0.05343040224315771
911,0.05298236742068933
912,0.0525409814612028
913,0.052106106178904925
914,0.05167760703047784
915,0.0512553529999237
916,0.05083921648761964
917,0.050429073203409724
918,0.0500248020635684
919,0.0496262850914765
