1,2.0003966441918513
2,2.0003568009355543
3,2.0003276036856876
4,2.0003103217968277
5,2.0003026148617904
6,2.0003009340730835
7,2.000301993205333
8,2.0003034173802567
9,2.0003038401970294
10,2.0003027159664977
11,2.000300041520118
12,2.0002960996989567
13,2.0002912713206866
14,2.000285921321234
15,2.0002803447269772
16,2.0002747524063142
17,2.000269278627599
18,2.000263997502381
19,2.00025894057101
20,2.000254111809301
21,2.0002494989163235
22,2.0002450811053176
23,2.0002408341476574
24,2.000236733476817
25,2.000232756010444
26,2.0002288811530486
27,2.0002250912751416
28,2.000221371849362
29,2.0002177113556217
30,2.000214101030998
31,2.0002105345220036
32,2.0002070074864338
33,2.000203517183723
34,2.0002000620841933
35,2.0001966415186287
36,2.000193255380928
37,2.0001899038889484
38,2.000186587402649
39,2.000183306294433
40,2.0001800608641394
41,2.0001768512900626
42,2.000173677607445
43,2.0001705397066205
44,2.0001674373441105
45,2.0001643701612952
46,2.000161337706554
47,2.0001583394578994
48,2.0001553748441814
49,2.0001524432636684
50,2.000149544099464
51,2.0001466767316387
52,2.000143840546254
53,2.0001410349416346
54,2.0001382593323402
55,2.0001355131512972
56,2.0001327958505497
57,2.000130106901024
58,2.00012744579165
59,2.0001248120281074
60,2.0001222051314143
61,2.000119624636495
62,2.000117070090835
63,2.0001145410532755
64,2.000112037092989
65,2.0001095577886163
66,2.000107102727591
67,2.0001046715055972
68,2.000102263726154
69,2.0000998790003117
70,2.000097516946412
71,2.0000951771899134
72,2.0000928593632503
73,2.0000905631057155
74,2.0000882880633606
75,2.000086033888896
76,2.0000838002415953
77,2.0000815867871924
78,2.000079393197778
79,2.0000772191516867
80,2.000075064333383
81,2.0000729284333403
82,2.000070811147919
83,2.0000687121792424
84,2.0000666312350734
85,2.0000645680286886
86,2.000062522278755
87,2.00006049370921
88,2.0000584820491443
89,2.000056487032683
90,2.000054508398877
91,2.00005254589159
92,2.000050599259391
93,2.0000486682554546
94,2.0000467526374592
95,2.000044852167485
96,2.0000429666119235
97,2.000041095741382
98,2.0000392393305946
99,2.0000373971583327
100,2.0000355690073213
101,2.000033754664153
102,2.0000319539192066
103,2.000030166566569
104,2.000028392403954
105,2.000026631232631
106,2.0000248828573435
107,2.0000231470862446
108,2.000021423730819
109,2.0000197126058192
110,2.0000180135291927
111,2.000016326322019
112,2.000014650808446
113,2.000012986815623
114,2.00001133417364
115,2.000009692715471
116,2.000008062276911
117,2.0000064426965185
118,2.000004833815562
119,2.0000032354779633
120,2.000001647530242
121,2.0000000698214664
122,1.9999985022032016
123,1.999996944529455
124,1.9999953966566322
125,1.999993858443488
126,1.9999923297510769
127,1.9999908104427102
128,1.999989300383909
129,1.9999877994423634
130,1.999986307487886
131,1.9999848243923717
132,1.9999833500297566
133,1.999981884275978
134,1.9999804270089354
135,1.999978978108452
136,1.9999775374562363
137,1.9999761049358469
138,1.999974680432655
139,1.9999732638338097
140,1.9999718550282066
141,1.9999704539064491
142,1.9999690603608178
143,1.9999676742852406
144,1.9999662955752577
145,1.999964924127993
146,1.9999635598421222
147,1.9999622026178452
148,1.9999608523568546
149,1.999959508962312
150,1.9999581723388142
151,1.9999568423923715
152,1.9999555190303768
153,1.9999542021615848
154,1.9999528916960805
155,1.9999515875452598
156,1.9999502896218002
157,1.9999489978396416
158,1.9999477121139593
159,1.9999464323611438
160,1.9999451584987757
161,1.9999438904456055
162,1.9999426281215333
163,1.9999413714475838
164,1.99994012034589
165,1.9999388747396702
166,1.9999376345532087
167,1.9999363997118373
168,1.9999351701419172
169,1.999933945770815
170,1.9999327265268927
171,1.9999315123394825
172,1.9999303031388749
173,1.9999290988562963
174,1.9999278994238963
175,1.9999267047747304
176,1.999925514842742
177,1.999924329562747
178,1.9999231488704214
179,1.9999219727022828
180,1.9999208009956746
181,1.9999196336887564
182,1.9999184707204831
183,1.9999173120305969
184,1.999916157559609
185,1.9999150072487892
186,1.9999138610401506
187,1.9999127188764367
188,1.999911580701112
189,1.999910446458344
190,1.9999093160929937
191,1.999908189550606
192,1.9999070667773942
193,1.999905947720229
194,1.9999048323266295
195,1.9999037205447494
196,1.9999026123233676
197,1.999901507611877
198,1.999900406360274
199,1.9998993085191488
200,1.999898214039674
201,1.999897122873596
202,1.9998960349732244
203,1.9998949502914223
204,1.999893868781597
205,1.9998927903976933
206,1.9998917150941802
207,1.9998906428260437
208,1.9998895735487805
209,1.9998885072183858
210,1.999887443791347
211,1.999886383224635
212,1.9998853254756965
213,1.9998842705024447
214,1.999883218263253
215,1.999882168716947
216,1.9998811218227956
217,1.9998800775405063
218,1.9998790358302154
219,1.9998779966524816
220,1.9998769599682813
221,1.9998759257389962
222,1.9998748939264122
223,1.999873864492712
224,1.9998728374004642
225,1.9998718126126205
226,1.9998707900925106
227,1.9998697698038326
228,1.9998687517106484
229,1.9998677357773784
230,1.999866721968795
231,1.9998657102500168
232,1.999864700586503
233,1.9998636929440476
234,1.9998626872887737
235,1.9998616835871303
236,1.9998606818058837
237,1.9998596819121137
238,1.9998586838732106
239,1.9998576876568661
240,1.999856693231071
241,1.99985570056411
242,1.9998547096245574
243,1.999853720381271
244,1.999852732803387
245,1.9998517468603199
246,1.9998507625217514
247,1.9998497797576311
248,1.9998487985381697
249,1.9998478188338362
250,1.999846840615352
251,1.9998458638536887
252,1.9998448885200624
253,1.9998439145859308
254,1.999842942022989
255,1.9998419708031645
256,1.9998410008986154
257,1.9998400322817247
258,1.999839064925099
259,1.9998380988015625
260,1.999837133884153
261,1.9998361701461222
262,1.9998352075609285
263,1.999834246102235
264,1.9998332857439052
265,1.9998323264600022
266,1.9998313682247812
267,1.999830411012692
268,1.9998294547983702
269,1.9998284995566367
270,1.9998275452624956
271,1.9998265918911295
272,1.999825639417897
273,1.9998246878183297
274,1.9998237370681295
275,1.9998227871431657
276,1.999821838019473
277,1.999820889673246
278,1.99981994208084
279,1.9998189952187666
280,1.9998180490636908
281,1.999817103592429
282,1.9998161587819454
283,1.999815214609351
284,1.9998142710518998
285,1.9998133280869888
286,1.9998123856921504
287,1.9998114438450547
288,1.9998105025235078
289,1.999809561705443
290,1.9998086213689272
291,1.9998076814921508
292,1.9998067420534316
293,1.9998058030312076
294,1.9998048644040387
295,1.9998039261506029
296,1.999802988249693
297,1.9998020506802172
298,1.9998011134211948
299,1.9998001764517548
300,1.9997992397511344
301,1.9997983032986761
302,1.9997973670738278
303,1.9997964310561371
304,1.9997954952252526
305,1.9997945595609212
306,1.9997936240429854
307,1.9997926886513833
308,1.9997917533661438
309,1.9997908181673885
310,1.9997898830353256
311,1.9997889479502526
312,1.9997880128925516
313,1.9997870778426878
314,1.9997861427812094
315,1.9997852076887446
316,1.999784272546
317,1.9997833373337595
318,1.9997824020328825
319,1.9997814666243023
320,1.9997805310890233
321,1.999779595408122
322,1.9997786595627427
323,1.9997777235340988
324,1.999776787303468
325,1.9997758508521941
326,1.9997749141616816
327,1.9997739772133991
328,1.9997730399888733
329,1.9997721024696915
330,1.9997711646374967
331,1.9997702264739872
332,1.999769287960917
333,1.9997683490800926
334,1.999767409813372
335,1.9997664701426636
336,1.9997655300499244
337,1.999764589517159
338,1.999763648526418
339,1.9997627070597987
340,1.9997617650994384
341,1.99976082262752
342,1.9997598796262666
343,1.99975893607794
344,1.9997579919648407
345,1.9997570472693087
346,1.9997561019737162
347,1.9997551560604736
348,1.999754209512023
349,1.9997532623108394
350,1.9997523144394294
351,1.999751365880328
352,1.9997504166161009
353,1.9997494666293405
354,1.9997485159026662
355,1.9997475644187215
356,1.999746612160175
357,1.9997456591097182
358,1.9997447052500652
359,1.9997437505639484
360,1.9997427950341238
361,1.999741838643362
362,1.999740881374454
363,1.999739923210205
364,1.9997389641334362
365,1.9997380041269839
366,1.9997370431736967
367,1.9997360812564349
368,1.9997351183580707
369,1.9997341544614862
370,1.9997331895495711
371,1.9997322236052235
372,1.9997312566113494
373,1.9997302885508592
374,1.9997293194066692
375,1.9997283491616984
376,1.9997273777988693
377,1.999726405301104
378,1.9997254316513293
379,1.9997244568324677
380,1.9997234808274431
381,1.9997225036191746
382,1.9997215251905809
383,1.9997205455245737
384,1.999719564604061
385,1.999718582411944
386,1.9997175989311164
387,1.9997166141444644
388,1.9997156280348647
389,1.9997146405851831
390,1.9997136517782748
391,1.999712661596984
392,1.999711670024141
393,1.9997106770425597
394,1.9997096826350438
395,1.9997086867843774
396,1.9997076894733286
397,1.9997066906846483
398,1.9997056904010688
399,1.9997046886053012
400,1.9997036852800378
401,1.9997026804079474
402,1.9997016739716784
403,1.9997006659538543
404,1.9996996563370741
405,1.999698645103912
406,1.9996976322369155
407,1.9996966177186062
408,1.9996956015314753
409,1.9996945836579862
410,1.999693564080573
411,1.9996925427816374
412,1.9996915197435499
413,1.9996904949486483
414,1.999689468379236
415,1.9996884400175827
416,1.9996874098459216
417,1.9996863778464502
418,1.9996853440013274
419,1.9996843082926747
420,1.9996832707025736
421,1.9996822312130655
422,1.9996811898061515
423,1.9996801464637892
424,1.9996791011678936
425,1.9996780539003352
426,1.9996770046429404
427,1.9996759533774897
428,1.999674900085716
429,1.9996738447493045
430,1.9996727873498927
431,1.9996717278690674
432,1.9996706662883645
433,1.9996696025892686
434,1.9996685367532132
435,1.9996674687615765
436,1.9996663985956822
437,1.9996653262368005
438,1.999664251666143
439,1.999663174864865
440,1.999662095814064
441,1.9996610144947777
442,1.9996599308879826
443,1.9996588449745958
444,1.9996577567354716
445,1.9996566661514001
446,1.9996555732031078
447,1.9996544778712573
448,1.9996533801364436
449,1.9996522799791943
450,1.9996511773799703
451,1.999650072319163
452,1.9996489647770928
453,1.9996478547340089
454,1.9996467421700905
455,1.9996456270654401
456,1.9996445094000903
457,1.9996433891539938
458,1.9996422663070306
459,1.9996411408390022
460,1.9996400127296312
461,1.9996388819585622
462,1.999637748505358
463,1.9996366123495006
464,1.9996354734703896
465,1.999634331847341
466,1.9996331874595854
467,1.9996320402862682
468,1.9996308903064488
469,1.9996297374990963
470,1.9996285818430937
471,1.9996274233172326
472,1.9996262619002134
473,1.999625097570643
474,1.9996239303070373
475,1.9996227600878158
476,1.999621586891303
477,1.999620410695727
478,1.9996192314792167
479,1.9996180492198028
480,1.9996168638954166
481,1.9996156754838859
482,1.999614483962938
483,1.9996132893101946
484,1.9996120915031734
485,1.9996108905192873
486,1.9996096863358388
487,1.9996084789300241
488,1.9996072682789297
489,1.9996060543595298
490,1.9996048371486874
491,1.9996036166231521
492,1.999602392759558
493,1.9996011655344246
494,1.999599934924152
495,1.999598700905025
496,1.9995974634532054
497,1.9995962225447363
498,1.999594978155537
499,1.9995937302614044
500,1.999592478838009
501,1.9995912238608966
502,1.9995899653054847
503,1.9995887031470607
504,1.9995874373607836
505,1.9995861679216793
506,1.999584894804642
507,1.9995836179844293
508,1.9995823374356652
509,1.9995810531328355
510,1.9995797650502867
511,1.9995784731622264
512,1.9995771774427198
513,1.9995758778656896
514,1.9995745744049136
515,1.9995732670340245
516,1.9995719557265068
517,1.9995706404556965
518,1.9995693211947783
519,1.9995679979167864
520,1.9995666705946005
521,1.9995653392009456
522,1.9995640037083904
523,1.9995626640893458
524,1.9995613203160612
525,1.9995599723606263
526,1.9995586201949673
527,1.9995572637908468
528,1.9995559031198593
529,1.9995545381534336
530,1.999553168862827
531,1.9995517952191273
532,1.9995504171932486
533,1.9995490347559306
534,1.9995476478777356
535,1.99954625652905
536,1.9995448606800788
537,1.9995434603008464
538,1.9995420553611922
539,1.9995406458307727
540,1.999539231679056
541,1.9995378128753212
542,1.9995363893886577
543,1.9995349611879625
544,1.9995335282419369
545,1.9995320905190872
546,1.9995306479877208
547,1.9995292006159446
548,1.9995277483716651
549,1.9995262912225829
550,1.9995248291361931
551,1.9995233620797839
552,1.9995218900204317
553,1.9995204129250013
554,1.9995189307601444
555,1.9995174434922958
556,1.9995159510876706
557,1.9995144535122664
558,1.9995129507318543
559,1.9995114427119847
560,1.9995099294179788
561,1.9995084108149284
562,1.9995068868676942
563,1.999505357540905
564,1.9995038227989514
565,1.9995022826059874
566,1.999500736925925
567,1.9994991857224358
568,1.9994976289589435
569,1.9994960665986263
570,1.9994944986044119
571,1.9994929249389752
572,1.9994913455647372
573,1.9994897604438604
574,1.9994881695382483
575,1.9994865728095428
576,1.9994849702191195
577,1.9994833617280883
578,1.9994817472972872
579,1.9994801268872826
580,1.9994785004583662
581,1.9994768679705515
582,1.9994752293835707
583,1.9994735846568732
584,1.9994719337496216
585,1.9994702766206902
586,1.9994686132286623
587,1.9994669435318246
588,1.9994652674881692
589,1.999463585055385
590,1.9994618961908595
591,1.9994602008516738
592,1.9994584989945992
593,1.9994567905760947
594,1.999455075552305
595,1.9994533538790553
596,1.999451625511849
597,1.999449890405868
598,1.9994481485159614
599,1.999446399796652
600,1.9994446442021254
601,1.9994428816862309
602,1.9994411122024756
603,1.9994393357040243
604,1.999437552143692
605,1.9994357614739444
606,1.9994339636468932
607,1.9994321586142894
608,1.9994303463275243
609,1.999428526737624
610,1.999426699795245
611,1.9994248654506737
612,1.999423023653817
613,1.9994211743542036
614,1.9994193175009798
615,1.9994174530429025
616,1.9994155809283387
617,1.9994137011052602
618,1.999411813521238
619,1.9994099181234413
620,1.9994080148586328
621,1.9994061036731638
622,1.9994041845129682
623,1.9994022573235632
624,1.9994003220500405
625,1.9993983786370646
626,1.9993964270288684
627,1.999394467169246
628,1.9993924990015524
629,1.9993905224686974
630,1.9993885375131395
631,1.9993865440768825
632,1.999384542101473
633,1.999382531527993
634,1.9993805122970545
635,1.999378484348799
636,1.9993764476228875
637,1.9993744020584985
638,1.999372347594325
639,1.999370284168564
640,1.999368211718917
641,1.9993661301825805
642,1.9993640394962449
643,1.999361939596086
644,1.9993598304177618
645,1.9993577118964059
646,1.9993555839666222
647,1.9993534465624807
648,1.9993512996175096
649,1.999349143064694
650,1.9993469768364647
651,1.9993448008646961
652,1.9993426150807
653,1.9993404194152187
654,1.9993382137984201
655,1.9993359981598906
656,1.9993337724286304
657,1.9993315365330466
658,1.9993292904009468
659,1.9993270339595335
660,1.999324767135397
661,1.9993224898545083
662,1.999320202042215
663,1.999317903623234
664,1.9993155945216412
665,1.99931327466087
666,1.9993109439637022
667,1.9993086023522604
668,1.9993062497480003
669,1.9993038860717076
670,1.9993015112434855
671,1.9992991251827532
672,1.999296727808232
673,1.9992943190379453
674,1.9992918987892025
675,1.9992894669786012
676,1.9992870235220086
677,1.9992845683345646
678,1.9992821013306652
679,1.9992796224239606
680,1.9992771315273425
681,1.9992746285529392
682,1.999272113412105
683,1.999269586015413
684,1.9992670462726478
685,1.9992644940927944
686,1.99926192938403
687,1.9992593520537167
688,1.999256762008392
689,1.9992541591537574
690,1.9992515433946738
691,1.9992489146351478
692,1.9992462727783247
693,1.9992436177264787
694,1.9992409493810017
695,1.9992382676423976
696,1.9992355724102655
697,1.9992328635832977
698,1.9992301410592646
699,1.9992274047350025
700,1.9992246545064103
701,1.9992218902684333
702,1.9992191119150533
703,1.9992163193392793
704,1.9992135124331356
705,1.999210691087652
706,1.9992078551928492
707,1.9992050046377314
708,1.9992021393102728
709,1.9991992590974061
710,1.999196363885011
711,1.999193453557901
712,1.9991905279998137
713,1.999187587093396
714,1.9991846307201917
715,1.999181658760632
716,1.9991786710940196
717,1.9991756675985157
718,1.9991726481511285
719,1.9991696126276997
720,1.9991665609028888
721,1.9991634928501636
722,1.9991604083417813
723,1.9991573072487785
724,1.9991541894409548
725,1.999151054786859
726,1.9991479031537756
727,1.999144734407706
728,1.99914154841336
729,1.9991383450341345
730,1.9991351241321005
731,1.9991318855679887
732,1.9991286292011714
733,1.9991253548896482
734,1.9991220624900272
735,1.9991187518575122
736,1.999115422845883
737,1.9991120753074791
738,1.9991087090931834
739,1.9991053240524042
740,1.999101920033055
741,1.999098496881543
742,1.9990950544427437
743,1.9990915925599875
744,1.9990881110750374
745,1.9990846098280737
746,1.9990810886576713
747,1.9990775474007818
748,1.999073985892716
749,1.9990704039671172
750,1.99906680145595
751,1.9990631781894703
752,1.9990595339962123
753,1.9990558687029634
754,1.9990521821347422
755,1.9990484741147776
756,1.9990447444644877
757,1.9990409930034556
758,1.999037219549408
759,1.9990334239181917
760,1.9990296059237491
761,1.9990257653780952
762,1.999021902091295
763,1.9990180158714361
764,1.9990141065246063
765,1.999010173854867
766,1.9990062176642287
767,1.9990022377526238
768,1.9989982339178805
769,1.9989942059556982
770,1.9989901536596177
771,1.9989860768209957
772,1.9989819752289737
773,1.9989778486704548
774,1.9989736969300709
775,1.9989695197901538
776,1.998965317030708
777,1.9989610884293796
778,1.9989568337614245
779,1.9989525527996777
780,1.9989482453145244
781,1.9989439110738656
782,1.9989395498430858
783,1.9989351613850217
784,1.9989307454599274
785,1.998926301825442
786,1.998921830236553
787,1.9989173304455639
788,1.9989128022020575
789,1.9989082452528586
790,1.9989036593420004
791,1.9988990442106869
792,1.9988943995972506
793,1.9988897252371225
794,1.9988850208627853
795,1.998880286203739
796,1.9988755209864588
797,1.998870724934354
798,1.9988658977677296
799,1.9988610392037416
800,1.998856148956353
801,1.9988512267362954
802,1.9988462722510207
803,1.998841285204659
804,1.9988362652979716
805,1.9988312122283054
806,1.9988261256895472
807,1.9988210053720743
808,1.9988158509627074
809,1.998810662144662
810,1.998805438597497
811,1.9988001799970645
812,1.9987948860154592
813,1.9987895563209668
814,1.9987841905780064
815,1.9987787884470827
816,1.998773349584726
817,1.9987678736434407
818,1.9987623602716442
819,1.9987568091136128
820,1.998751219809421
821,1.9987455919948833
822,1.9987399253014932
823,1.9987342193563618
824,1.9987284737821547
825,1.998722688197029
826,1.99871686221457
827,1.9987109954437223
828,1.9987050874887258
829,1.9986991379490466
830,1.9986931464193094
831,1.9986871124892254
832,1.9986810357435207
833,1.9986749157618664
834,1.9986687521188033
835,1.998662544383667
836,1.9986562921205102
837,1.9986499948880265
838,1.9986436522394724
839,1.9986372637225847
840,1.9986308288795027
841,1.998624347246679
842,1.998617818354801
843,1.9986112417287019
844,1.998604616887275
845,1.9985979433433814
846,1.998591220603764
847,1.9985844481689536
848,1.9985776255331746
849,1.998570752184249
850,1.9985638276035025
851,1.9985568512656626
852,1.9985498226387612
853,1.9985427411840293
854,1.9985356063557962
855,1.9985284176013813
856,1.9985211743609872
857,1.9985138760675905
858,1.9985065221468312
859,1.9984991120168965
860,1.9984916450884065
861,1.9984841207642983
862,1.9984765384397034
863,1.9984688975018292
864,1.9984611973298296
865,1.9984534372946852
866,1.998445616759069
867,1.9984377350772187
868,1.9984297915948015
869,1.9984217856487798
870,1.9984137165672728
871,1.9984055836694128
872,1.998397386265206
873,1.9983891236553828
874,1.998380795131251
875,1.9983723999745444
876,1.9983639374572648
877,1.9983554068415315
878,1.9983468073794128
879,1.998338138312771
880,1.9983293988730892
881,1.9983205882813055
882,1.9983117057476398
883,1.9983027504714177
884,1.9982937216408918
885,1.9982846184330572
886,1.998275440013467
887,1.9982661855360426
888,1.9982568541428796
889,1.9982474449640506
890,1.9982379571174063
891,1.998228389708367
892,1.998218741829719
893,1.9982090125613972
894,1.9981992009702703
895,1.9981893061099194
896,1.9981793270204125
897,1.9981692627280758
898,1.9981591122452573
899,1.9981488745700888
900,1.9981385486862435
901,1.998128133562684
902,1.9981176281534125
903,1.9981070313972107
904,1.998096342217376
905,1.998085559521452
906,1.9980746822009565
907,1.9980637091310995
908,1.998052639170498
909,1.9980414711608852
910,1.9980302039268132
911,1.9980188362753504
912,1.998007366995771
913,1.9979957948592402
914,1.9979841186184917
915,1.997972337007499
916,1.9979604487411409
917,1.9979484525148572
918,1.997936347004299
919,1.9979241308649758
920,1.997911802731886
921,1.9978993612191502
922,1.9978868049196272
923,1.99787413240453
924,1.9978613422230274
925,1.9978484329018427
926,1.9978354029448404
927,1.9978222508326025
928,1.9978089750220016
929,1.9977955739457611
930,1.9977820460120048
931,1.9977683896038
932,1.9977546030786901
933,1.9977406847682142
934,1.9977266329774186
935,1.9977124459843623
936,1.9976981220396017
937,1.9976836593656724
938,1.9976690561565555
939,1.9976543105771345
940,1.9976394207626407
941,1.9976243848180828
942,1.9976092008176671
943,1.9975938668042046
944,1.9975783807885037
945,1.9975627407487515
946,1.9975469446298781
947,1.9975309903429084
948,1.997514875764303
949,1.9974985987352776
950,1.99748215706111
951,1.9974655485104336
952,1.997448770814512
953,1.9974318216664995
954,1.997414698720681
955,1.9973973995917005
956,1.9973799218537645
957,1.997362263039833
958,1.9973444206407918
959,1.9973263921046003
960,1.9973081748354236
961,1.997289766192748
962,1.9972711634904656
963,1.9972523639959499
964,1.9972333649290976
965,1.9972141634613605
966,1.9971947567147414
967,1.9971751417607777
968,1.9971553156194948
969,1.9971352752583345
970,1.9971150175910615
971,1.9970945394766413
972,1.9970738377180899
973,1.9970529090612998
974,1.9970317501938353
975,1.9970103577436962
976,1.9969887282780583
977,1.996966858301977
978,1.9969447442570605
979,1.9969223825201148
980,1.9968997694017507
981,1.996876901144958
982,1.9968537739236463
983,1.9968303838411452
984,1.996806726928675
985,1.9967827991437708
986,1.9967585963686743
987,1.9967341144086808
988,1.996709348990446
989,1.9966842957602542
990,1.9966589502822334
991,1.9966333080365364
992,1.9966073644174693
993,1.9965811147315717
994,1.9965545541956513
995,1.9965276779347678
996,1.9965004809801616
997,1.9964729582671352
998,1.9964451046328728
999,1.9964169148142086
1000,1.9963883834453373
1001,1.9963595050554606
1002,1.9963302740663758
1003,1.9963006847900018
1004,1.996270731425838
1005,1.9962404080583562
1006,1.9962097086543258
1007,1.9961786270600652
1008,1.9961471569986244
1009,1.9961152920668859
1010,1.996083025732595
1011,1.9960503513313084
1012,1.9960172620632548
1013,1.9959837509901217
1014,1.9959498110317466
1015,1.995915434962721
1016,1.9958806154089026
1017,1.9958453448438336
1018,1.995809615585057
1019,1.9957734197903352
1020,1.9957367494537643
1021,1.9956995964017765
1022,1.9956619522890404
1023,1.9956238085942406
1024,1.9955851566157372
1025,1.9955459874671173
1026,1.9955062920726023
1027,1.9954660611623454
1028,1.995425285267583
1029,1.9953839547156544
1030,1.9953420596248796
1031,1.9952995898992913
1032,1.9952565352232174
1033,1.995212885055706
1034,1.9951686286247918
1035,1.9951237549215994
1036,1.9950782526942725
1037,1.9950321104417297
1038,1.9949853164072389
1039,1.9949378585718023
1040,1.994889724647354
1041,1.9948409020697475
1042,1.9947913779915498
1043,1.9947411392746124
1044,1.9946901724824282
1045,1.9946384638722616
1046,1.9945859993870436
1047,1.9945327646470226
1048,1.9944787449411692
1049,1.9944239252183218
1050,1.9943682900780653
1051,1.994311823761334
1052,1.9942545101407307
1053,1.9941963327105525
1054,1.994137274576512
1055,1.994077318445144
1056,1.9940164466128878
1057,1.9939546409548372
1058,1.9938918829131411
1059,1.9938281534850417
1060,1.9937634332105534
1061,1.9936977021597457
1062,1.9936309399196408
1063,1.9935631255806916
1064,1.9934942377228473
1065,1.9934242544011704
1066,1.993353153131005
1067,1.99328091087268
1068,1.9932075040157176
1069,1.9931329083625515
1070,1.9930570991117151
1071,1.9929800508405031
1072,1.9929017374870663
1073,1.99282213233194
1074,1.992741207978972
1075,1.9926589363356357
1076,1.9925752885927057
1077,1.9924902352032734
1078,1.9924037458610733
1079,1.992315789478115
1080,1.9922263341615625
1081,1.9921353471898748
1082,1.9920427949881439
1083,1.9919486431026323
1084,1.9918528561744573
1085,1.9917553979124072
1086,1.9916562310648536
1087,1.991555317390723
1088,1.9914526176295038
1089,1.9913480914702424
1090,1.991241697519499
1091,1.991133393268229
1092,1.9910231350575383
1093,1.9909108780432851
1094,1.9907965761594801
1095,1.9906801820804396
1096,1.9905616471816563
1097,1.9904409214993208
1098,1.990317953688471
1099,1.9901926909796972
1100,1.9900650791343621
1101,1.989935062398278
1102,1.9898025834537814
1103,1.9896675833701543
1104,1.9895300015523256
1105,1.9893897756877865
1106,1.9892468416916635
1107,1.9891011336498772
1108,1.9889525837603075
1109,1.9888011222719086
1110,1.9886466774216878
1111,1.9884891753694682
1112,1.9883285401303572
1113,1.9881646935048418
1114,1.9879975550064097
1115,1.9878270417866188
1116,1.9876530685575127
1117,1.9874755475112866
1118,1.9872943882371064
1119,1.9871094976349701
1120,1.9869207798265065
1121,1.9867281360626001
1122,1.9865314646277215
1123,1.9863306607408462
1124,1.9861256164528396
1125,1.9859162205401706
1126,1.9857023583948274
1127,1.9854839119102978
1128,1.9852607593634644
1129,1.9850327752922747
1130,1.9847998303690293
1131,1.9845617912691274
1132,1.9843185205351161
1133,1.9840698764358646
1134,1.9838157128206952
1135,1.9835558789682952
1136,1.9832902194302084
1137,1.9830185738687458
1138,1.9827407768890835
1139,1.98245665786537
1140,1.9821660407606299
1141,1.9818687439402418
1142,1.981564579978777
1143,1.981253355459971
1144,1.9809348707695942
1145,1.9806089198809818
1146,1.9802752901329834
1147,1.9799337620000745
1148,1.9795841088543766
1149,1.9792260967193231
1150,1.9788594840147011
1151,1.9784840212927985
1152,1.9780994509653667
1153,1.9777055070211316
1154,1.9773019147335442
1155,1.976888390358488
1156,1.9764646408216444
1157,1.9760303633952034
1158,1.9755852453636318
1159,1.9751289636781695
1160,1.9746611845997626
1161,1.9741815633301036
1162,1.9736897436304823
1163,1.9731853574281202
1164,1.972668024409684
1165,1.9721373516016725
1166,1.9715929329373583
1167,1.9710343488099942
1168,1.9704611656119777
1169,1.9698729352596982
1170,1.969269194703774
1171,1.9686494654244138
1172,1.9680132529116514
1173,1.9673600461302057
1174,1.9666893169687405
1175,1.966000519673325
1176,1.965293090264901
1177,1.9645664459406054
1178,1.9638199844588127
1179,1.963053083507789
1180,1.9622651000579023
1181,1.961455369697346
1182,1.960623205951387
1183,1.9597678995852013
1184,1.9588887178903802
1185,1.9579849039552886
1186,1.9570556759194577
1187,1.9561002262123148
1188,1.955117720776561
1189,1.9541072982766372
1190,1.9530680692927378
1191,1.9519991155009626
1192,1.9508994888402411
1193,1.9497682106667924
1194,1.9486042708969427
1195,1.947406627139264
1196,1.946174203817064
1197,1.9449058912823953
1198,1.9436005449228606
1199,1.9422569842626025
1200,1.9408739920589957
1201,1.9394503133966987
1202,1.9379846547808137
1203,1.9364756832310892
1204,1.9349220253791748
1205,1.9333222665711167
1206,1.9316749499773902
1207,1.929978575712884
1208,1.9282315999694215
1209,1.9264324341634558
1210,1.9245794441017603
1211,1.9226709491679772
1212,1.920705221533022
1213,1.9186804853923956
1214,1.916594916233519
1215,1.9144466401362688
1216,1.9122337331098636
1217,1.9099542204693156
1218,1.9076060762545402
1219,1.9051872226952338
1220,1.9026955297244699
1221,1.900128814543832
1222,1.8974848412427503
1223,1.894761320474426
1224,1.8919559091904976
1225,1.8890662104362397
1226,1.8860897732077149
1227,1.883024092371865
1228,1.8798666086500209
1229,1.8766147086647658
1230,1.873265725049487
1231,1.8698169366192896
1232,1.8662655686012384
1233,1.8626087929211714
1234,1.8588437285435253
1235,1.854967441859847
1236,1.850976947120853
1237,1.8468692069061026
1238,1.8426411326246066
1239,1.8382895850390049
1240,1.8338113748052822
1241,1.8292032630195523
1242,1.82446196176305
1243,1.81958413463633
1244,1.8145663972737447
1245,1.809405317829638
1246,1.8040974174283773
1247,1.7986391705714235
1248,1.7930270054961563
1249,1.7872573044831528
1250,1.7813264041111854
1251,1.7752305954623244
1252,1.7689661242832873
1253,1.7625291911136538
1254,1.755915951396656
1255,1.7491225155941672
1256,1.7421449493340422
1257,1.7349792736252745
1258,1.72762146518439
1259,1.7200674569250434
1260,1.7123131386719173
1261,1.7043543581695395
1262,1.6961869224664787
1263,1.6878065997653553
1264,1.67920912183904
1265,1.670390187123083
1266,1.6613454646036634
1267,1.652070598628769
1268,1.6425612147778783
1269,1.6328129269316176
1270,1.6228213456876457
1271,1.6125820882719748
1272,1.602090790095935
1273,1.5913431181077922
1274,1.5803347860844008
1275,1.5690615720022105
1276,1.5575193376182073
1277,1.5457040503800146
1278,1.5336118077703373
1279,1.5212388641742454
1280,1.5085816603384605
1281,1.4956368554699646
1282,1.48240136199678
1283,1.4688723829867731
1284,1.4550474521907235
1285,1.4409244766434266
1286,1.4265017817211705
1287,1.4117781585150926
1288,1.3967529133372623
1289,1.3814259191294478
1290,1.3657976684927875
1291,1.3498693279995457
1292,1.3336427933855362
1293,1.3171207451532854
1294,1.3003067040419987
1295,1.2832050857412067
1296,1.2658212541420772
1297,1.248161572335095
1298,1.2302334504780355
1299,1.2120453895766297
1300,1.1936070201461373
1301,1.1749291346595234
1302,1.15602371264202
1303,1.136903937247796
1304,1.1175842021574307
1305,1.09808010766997
1306,1.078408444934908
1307,1.0585871673809264
1308,1.0386353485519546
1309,1.0185731257575434
1310,0.9984216291825114
1311,0.9782028963768106
1312,0.9579397723550935
1313,0.9376557958686303
1314,0.9173750727602307
1315,0.8971221376639797
1316,0.8769218056529763
1317,0.8567990157560867
1318,0.8367786685453129
1319,0.8168854602255163
1320,0.7971437158265233
1321,0.7775772241946164
1322,0.7582090774997847
1323,0.7390615179137762
1324,0.7201557939727892
1325,0.701512028921899
1326,0.6831491030541552
1327,0.6650845517167927
1328,0.6473344802738292
1329,0.6299134969036742
1330,0.612834663688423
1331,0.5961094660340746
1332,0.5797478000629392
1333,0.5637579772541973
1334,0.548146745286741
1335,0.5329193237682163
1336,0.5180794533207895
1337,0.5036294563399034
1338,0.48957030764676845
1339,0.4759017132157234
1340,0.4626221951691912
1341,0.449729181289457
1342,0.43721909739070686
1343,0.4250874610189459
1344,0.4133289750938165
1345,0.4019376202673844
1346,0.39090674494383404
1347,0.3802291520745751
1348,0.36989718201027183
1349,0.3599027908507036
1350,0.3502376238817258
1351,0.34089308382385763
1352,0.3318603937375344
1353,0.3231306545352544
1354,0.3146948971405756
1355,0.306544129408591
1356,0.2986693779829819
1357,0.2910617253119966
1358,0.2837123420810674
1359,0.27661251534456033
1360,0.26975367265472144
1361,0.26312740249364314
1362,0.2567254713152428
1363,0.2505398375001143
1364,0.2445626625177002
1365,0.23878631957855673
1366,0.2332034000454036
1367,0.22780671785587095
1368,0.22258931219303735
1369,0.217544448622499
1370,0.21266561889722618
1371,0.20794653961421275
1372,0.2033811498901559
1373,0.1989636082072988
1374,0.1946882885653
1375,0.19054977606061604
1376,0.18654286200149323
1377,0.18266253865425486
1378,0.17890399370515417
1379,0.17526260451163295
1380,0.17173393220733546
1381,0.16831371571663054
1382,0.1649978657266714
1383,0.16178245865806867
1384,0.15866373066907966
1385,0.15563807172268357
1386,0.15270201974105518
1387,0.14985225486762715
1388,0.14708559385315895
1389,0.14439898457891207
1390,0.14178950072714833
1391,0.13925433660665987
1392,0.1367908021388721
1393,0.13439631800820914
1394,0.1320684109788016
1395,0.1298047093782835
1396,0.12760293874826253
1397,0.1254609176601017
1398,0.12337655369385209
1399,0.12134783957751454
1400,0.11937284948329097
1401,0.11744973547704769
1402,0.11557672411689805
1403,0.11375211319654349
1404,0.11197426862885002
1405,0.1102416214649979
1406,0.10855266504448002
1407,0.10690595227118725
1408,0.10530009301083115
1409,0.10373375160498217
1410,0.10220564449706351
1411,0.10071453796572574
1412,0.09925924596110978
1413,0.09783862803963306
1414,0.09645158739303165
1415,0.09509706896753625
1416,0.09377405766917958
1417,0.09248157665137074
1418,0.0912186856810159
1419,0.0899844795795932
1420,0.08877808673573584
1421,0.08759866768601335
1422,0.08644541376073189
1423,0.08531754579171444
1424,0.08421431287914605
1425,0.08313499121470122
1426,0.0820788829582895
1427,0.08104531516587843
1428,0.08003363876596706
1429,0.07904322758239603
1430,0.07807347740128594
1431,0.07712380508000312
1432,0.07619364769614609
1433,0.07528246173464699
1434,0.07438972231116887
1435,0.07351492243006956
1436,0.07265757227528817
1437,0.07181719853258645
1438,0.07099334374165517
1439,0.07018556567666914
1440,0.06939343675394477
1441,0.06861654346541618
1442,0.06785448583671232
1443,0.0671068769086788
1444,0.06637334224123943
1445,0.06565351943855188
1446,0.06494705769446316
1447,0.0642536173573154
1448,0.06357286951320466
1449,0.06290449558683504
1450,0.06224818695915596
1451,0.06160364460100791
1452,0.0609705787220405
1453,0.060348708434206436
1454,0.059737761429160104
1455,0.05913747366893375
1456,0.05854758908928532
1457,0.05796785931514668
1458,0.05739804338762711
1459,0.05683790750205282
1460,0.056287224756550604
1461,0.055745774910703226
1462,0.05521334415383151
1463,0.054689724882477586
1464,0.054174715486682436
1465,0.05366812014467153
1466,0.05316974862558486
1467,0.05267941609989494
1468,0.052196942957184814
1469,0.05172215463096408
1470,0.05125488143022284
1471,0.05079495837743324
1472,0.0503422250527242
1473,0.049896525443964376
