1,1.9997080608642421
2,1.9997106418552812
3,1.9997074975122966
4,1.9996998349786859
5,1.9996891361544682
6,1.9996767218403049
7,1.9996635818131128
8,1.9996503629181195
9,1.9996374313867893
10,1.9996249553314978
11,1.9996129790110344
12,1.9996014783069396
13,1.999590397043066
14,1.9995796682154625
15,1.9995692251018466
16,1.999559006413822
17,1.9995489583395347
18,1.9995390351306463
19,1.9995291990459367
20,1.9995194199778505
21,1.9995096748655197
22,1.999499946930415
23,1.999490224773425
24,1.9994805013918184
25,1.9994707731860557
26,1.9994610390232994
27,1.9994512994096616
28,1.9994415558029455
29,1.9994318100773507
30,1.9994220641350682
31,1.9994123196483258
32,1.99940257790929
33,1.9993928397633471
34,1.999383105602436
35,1.9993733753980467
36,1.9993636487573159
37,1.9993539249895276
38,1.999344203173988
39,1.9993344822232832
40,1.999324760938443
41,1.9993150380543878
42,1.999305312275372
43,1.9992955823010607
44,1.9992858468443608
45,1.9992761046424175
46,1.999266354462229
47,1.9992565951022638
48,1.999246825391288
49,1.9992370441854408
50,1.9992272503643573
51,1.9992174428269451
52,1.999207620487252
53,1.9991977822706768
54,1.9991879271107056
55,1.9991780539462016
56,1.999168161719258
57,1.9991582493735756
58,1.9991483158532684
59,1.9991383601020367
60,1.9991283810626157
61,1.9991183776764254
62,1.999108348883356
63,1.999098293621635
64,1.9990882108277412
65,1.9990780994363155
66,1.999067958380077
67,1.999057786589706
68,1.9990475829936987
69,1.9990373465181959
70,1.9990270760867714
71,1.9990167706202073
72,1.9990064290362337
73,1.9989960502492574
74,1.9989856331700788
75,1.9989751767055917
76,1.998964679758485
77,1.998954141226935
78,1.9989435600042986
79,1.9989329349788079
80,1.9989222650332588
81,1.9989115490447091
82,1.9989007858841696
83,1.998889974416303
84,1.9988791134991168
85,1.9988682019836626
86,1.9988572387137296
87,1.9988462225255414
88,1.9988351522474512
89,1.9988240266996327
90,1.998812844693771
91,1.998801605032757
92,1.9987903065103665
93,1.9987789479109503
94,1.9987675280091153
95,1.9987560455694018
96,1.9987444993459573
97,1.9987328880822153
98,1.9987212105105587
99,1.9987094653519892
100,1.998697651315788
101,1.9986857670991744
102,1.9986738113869607
103,1.9986617828512034
104,1.998649680150848
105,1.9986375019313725
106,1.9986252468244237
107,1.998612913447451
108,1.9986005004033347
109,1.998588006280006
110,1.9985754296500682
111,1.9985627690704069
112,1.9985500230817976
113,1.9985371902085065
114,1.9985242689578846
115,1.9985112578199558
116,1.9984981552670038
117,1.9984849597531418
118,1.9984716697138865
119,1.9984582835657165
120,1.9984447997056303
121,1.9984312165106912
122,1.9984175323375704
123,1.9984037455220753
124,1.9983898543786758
125,1.9983758572000196
126,1.9983617522564392
127,1.9983475377954498
128,1.9983332120412383
129,1.9983187731941445
130,1.9983042194301286
131,1.9982895489002361
132,1.998274759730044
133,1.9982598500191027
134,1.998244817840365
135,1.998229661239602
136,1.9982143782348154
137,1.9981989668156275
138,1.9981834249426682
139,1.9981677505469428
140,1.9981519415291937
141,1.9981359957592448
142,1.9981199110753334
143,1.9981036852834304
144,1.9980873161565422
145,1.9980708014340067
146,1.9980541388207622
147,1.998037325986612
148,1.9980203605654698
149,1.9980032401545862
150,1.9979859623137615
151,1.9979685245645435
152,1.9979509243894056
153,1.9979331592309038
154,1.9979152264908255
155,1.9978971235293064
156,1.9978788476639406
157,1.9978603961688604
158,1.9978417662738055
159,1.997822955163163
160,1.9978039599749913
161,1.9977847778000204
162,1.9977654056806275
163,1.997745840609797
164,1.9977260795300436
165,1.9977061193323253
166,1.9976859568549223
167,1.99766558888229
168,1.9976450121438931
169,1.9976242233130042
170,1.9976032190054784
171,1.9975819957784977
172,1.9975605501292901
173,1.9975388784938124
174,1.997516977245405
175,1.9974948426934158
176,1.997472471081788
177,1.9974498585876195
178,1.9974270013196813
179,1.9974038953169044
180,1.9973805365468291
181,1.9973569209040183
182,1.9973330442084256
183,1.9973089022037382
184,1.997284490555658
185,1.9972598048501604
186,1.997234840591699
187,1.9972095932013698
188,1.9971840580150282
189,1.9971582302813582
190,1.997132105159899
191,1.9971056777190155
192,1.99707894293382
193,1.9970518956840455
194,1.9970245307518564
195,1.9969968428196156
196,1.9969688264675818
197,1.9969404761715606
198,1.9969117863004837
199,1.996882751113937
200,1.996853364759617
201,1.9968236212707229
202,1.9967935145632865
203,1.996763038433426
204,1.996732186554531
205,1.9967009524743748
206,1.9966693296121516
207,1.9966373112554319
208,1.9966048905570408
209,1.996572060531855
210,1.9965388140535112
211,1.9965051438510284
212,1.9964710425053425
213,1.9964365024457453
214,1.996401515946229
215,1.9963660751217318
216,1.9963301719242834
217,1.9962937981390458
218,1.9962569453802463
219,1.9962196050870014
220,1.9961817685190208
221,1.9961434267522062
222,1.9961045706741154
223,1.9960651909793117
224,1.9960252781645793
225,1.9959848225240098
226,1.995943814143951
227,1.9959022428978137
228,1.9958600984407386
229,1.9958173702041078
230,1.9957740473899066
231,1.9957301189649268
232,1.9956855736548036
233,1.995640399937887
234,1.9955945860389392
235,1.9955481199226504
236,1.9955009892869726
237,1.9954531815562628
238,1.9954046838742276
239,1.995355483096668
240,1.9953055657840122
241,1.9952549181936392
242,1.995203526271971
243,1.995151375646341
244,1.995098451616629
245,1.9950447391466442
246,1.9949902228552618
247,1.9949348870073003
248,1.994878715504126
249,1.994821691873988
250,1.9947637992620588
251,1.9947050204201893
252,1.994645337696354
253,1.994584733023782
254,1.9945231879097682
255,1.9944606834241476
256,1.9943972001874242
257,1.9943327183585402
258,1.9942672176222866
259,1.9942006771763228
260,1.9941330757178108
261,1.9940643914296423
262,1.9939946019662464
263,1.9939236844389665
264,1.9938516154009935
265,1.9937783708318277
266,1.9937039261212814
267,1.9936282560529732
268,1.9935513347873295
269,1.9934731358440443
270,1.9933936320840162
271,1.9933127956907095
272,1.993230598150948
273,1.9931470102351039
274,1.9930620019766754
275,1.992975542651221
276,1.9928876007546394
277,1.9927981439807663
278,1.992707139198269
279,1.9926145524268133
280,1.9925203488124792
281,1.992424492602403
282,1.9923269471186114
283,1.9922276747310357
284,1.992126636829663
285,1.9920237937958056
286,1.9919191049724527
287,1.9918125286336854
288,1.991704021953102
289,1.9915935409712489
290,1.9914810405619987
291,1.9913664743978545
292,1.9912497949141406
293,1.9911309532720445
294,1.9910098993204655
295,1.9908865815566423
296,1.9907609470855032
297,1.9906329415777124
298,1.990502509226356
299,1.9903695927022338
300,1.9902341331076987
301,1.9900960699290082
302,1.989955340987132
303,1.9898118823869606
304,1.9896656284648764
305,1.9895165117346167
306,1.9893644628313858
307,1.9892094104541544
308,1.9890512813060832
309,1.988890000033018
310,1.9887254891599908
311,1.9885576690256521
312,1.9883864577145918
313,1.9882117709874587
314,1.988033522208816
315,1.9878516222726654
316,1.9876659795255642
317,1.9874764996872516
318,1.987283085768724
319,1.987085637987658
320,1.9868840536811245
321,1.9866782272154846
322,1.986468049893402
323,1.986253409857882
324,1.9860341919932307
325,1.9858102778228723
326,1.9855815454039027
327,1.9853478692183086
328,1.9851091200607403
329,1.9848651649227462
330,1.984615866873371
331,1.9843610849360145
332,1.984100673961446
333,1.9838344844968798
334,1.9835623626509948
335,1.9832841499548035
336,1.9829996832182553
337,1.9827087943824764
338,1.9824113103675283
339,1.9821070529155886
340,1.9817958384294352
341,1.981477477806135
342,1.9811517762658322
343,1.980818533175524
344,1.9804775418677207
345,1.9801285894539005
346,1.9797714566326436
347,1.9794059174923597
348,1.979031739308509
349,1.978648682335241
350,1.9782564995913425
351,1.9778549366404479
352,1.977443731365408
353,1.9770226137367748
354,1.9765913055753237
355,1.976149520308592
356,1.9756969627213543
357,1.975233328700048
358,1.9747583049710953
359,1.9742715688331431
360,1.9737727878832156
361,1.9732616197368102
362,1.9727377117419802
363,1.972200700687464
364,1.9716502125049375
365,1.9710858619655025
366,1.9705072523705276
367,1.9699139752369945
368,1.9693056099775421
369,1.9686817235753877
370,1.9680418702543985
371,1.9673855911445615
372,1.9667124139431724
373,1.966021852572085
374,1.9653134068314109
375,1.964586562050099
376,1.963840788733868
377,1.9630755422110133
378,1.9622902622766714
379,1.9614843728361517
380,1.9606572815480299
381,1.9598083794677355
382,1.9589370406924314
383,1.9580426220080553
384,1.9571244625394386
385,1.9561818834044964
386,1.9552141873735653
387,1.9542206585349988
388,1.9532005619682364
389,1.952153143425626
390,1.951077629024338
391,1.9499732249498032
392,1.9488391171721686
393,1.9476744711773404
394,1.9464784317142554
395,1.9452501225600873
396,1.9439886463051743
397,1.9426930841594894
398,1.9413624957825606
399,1.9399959191387826
400,1.938592370380111
401,1.9371508437581606
402,1.9356703115677634
403,1.934149724124046
404,1.9325880097750947
405,1.9309840749522558
406,1.9293368042600907
407,1.9276450606079576
408,1.9259076853851136
409,1.9241234986811468
410,1.922291299553418
411,1.9204098663430518
412,1.9184779570408406
413,1.91649430970421
414,1.914457642926157
415,1.9123666563567854
416,1.9102200312777489
417,1.908016431229552
418,1.905754502691251
419,1.9034328758116563
420,1.9010501651906362
421,1.8986049707086015
422,1.8960958784016375
423,1.8935214613791542
424,1.8908802807802167
425,1.8881708867640299
426,1.8853918195292663
427,1.882541610356155
428,1.8796187826644155
429,1.8766218530792615
430,1.8735493324968473
431,1.8703997271396469
432,1.8671715395913817
433,1.8638632698002464
434,1.8604734160383727
435,1.8570004758046486
436,1.8534429466573241
437,1.849799326962134
438,1.846068116541182
439,1.8422478172073282
440,1.838336933168613
441,1.8343339712870597
442,1.8302374411763287
443,1.8260458551229524
444,1.8217577278164303
445,1.8173715758742388
446,1.8128859171489242
447,1.8082992698058127
448,1.8036101511616205
449,1.798817076276288
450,1.7939185562928206
451,1.7889130965226654
452,1.7837991942773643
453,1.7785753364506907
454,1.7732399968594064
455,1.7677916333549581
456,1.7622286847229987
457,1.756549567392406
458,1.750752671980587
459,1.7448363597070775
460,1.7387989587128965
461,1.7326387603285918
462,1.7263540153394232
463,1.7199429303015819
464,1.713403663968624
465,1.7067343238923665
466,1.699932963267212
467,1.6929975780911721
468,1.6859261047206426
469,1.6787164178991438
470,1.6713663293426668
471,1.6638735869659262
472,1.656235874834529
473,1.6484508139278267
474,1.6405159637959321
475,1.6324288251919234
476,1.6241868437567102
477,1.6157874148291669
478,1.6072278894481462
479,1.5985055816056641
480,1.5896177768020439
481,1.580561741944056
482,1.5713347366162638
483,1.5619340257437775
484,1.5523568936517296
485,1.5426006595129385
486,1.53266269416071
487,1.5225404382285461
488,1.5122314215629906
489,1.5017332838399862
490,1.4910437962991572
491,1.4801608844946534
492,1.4690826519454832
493,1.4578074045531395
494,1.4463336756395466
495,1.4346602514443219
496,1.4227861969069981
497,1.4107108815472245
498,1.398434005244246
499,1.3859556237060082
500,1.3732761734082009
501,1.3603964957744634
502,1.3473178603608287
503,1.3340419868005755
504,1.320571065259938
505,1.306907775151168
506,1.2930553018472946
507,1.2790173511433194
508,1.2647981612117933
509,1.2504025118075215
510,1.2358357304869654
511,1.2211036956234764
512,1.2062128360201432
513,1.191170126948262
514,1.1759830824713933
515,1.1606597439525055
516,1.1452086646846782
517,1.1296388906335046
518,1.1139599373308464
519,1.0981817630138553
520,1.082314738158722
521,1.0663696116139931
522,1.0503574735918422
523,1.0342897158258229
524,1.0181779892487826
525,1.0020341595834175
526,0.9858702612693058
527,0.969698450173174
528,0.953530955543205
529,0.9373800316730848
530,0.9212579097372504
531,0.9051767502460084
532,0.8891485965482799
533,0.8731853297818399
534,0.8572986256368516
535,0.8414999132597527
536,0.8258003365820932
537,0.8102107183142351
538,0.794741526798083
539,0.7794028458673341
540,0.7642043478192581
541,0.7491552695596155
542,0.7342643919427371
543,0.719540022292679
544,0.7049899800590451
545,0.6906215855329148
546,0.6764416515242873
547,0.6624564778826254
548,0.648671848726163
549,0.635093032233472
550,0.6217247828419519
551,0.6085713456920205
552,0.5956364631524652
553,0.5829233832612373
554,0.5704348699164761
555,0.5581732146544629
556,0.5461402498541156
557,0.5343373632113106
558,0.5227655133305449
559,0.5114252462860059
560,0.5003167130089775
561,0.4894396873634958
562,0.47879358477731393
563,0.4683774813005458
564,0.4581901329697598
565,0.4482299953609097
566,0.4384952432202933
567,0.4289837900687544
568,0.4196933076806196
569,0.41062124534538563
570,0.4017648488269436
571,0.39312117894211923
572,0.38468712968749796
573,0.3764594458508309
574,0.368434740050754
575,0.36060950915597284
576,0.35298015004248867
577,0.3455429746547217
578,0.3382942243435025
579,0.3312300834607265
580,0.3243466921970612
581,0.3176401586552219
582,0.3111065701571373
583,0.3047420037886394
584,0.2985425361901464
585,0.29250425260619456
586,0.2866232552105067
587,0.28089567072666577
588,0.2753176573673199
589,0.2698854111172471
590,0.2645951713875425
591,0.2594432260696938
592,0.2544259160194286
593,0.24953963900093704
594,0.24478085312248277
595,0.24014607979450675
596,0.23563190624115
597,0.23123498759571098
598,0.22695204860995183
599,0.22277988500636292
600,0.21871536450158843
601,0.2147554275281565
602,0.21089708768053117
603,0.20713743191030914
604,0.2034736204941268
605,0.19990288679657245
606,0.1964225368491143
607,0.19302994876476162
608,0.18972257200690532
609,0.18649792652954109
610,0.18335360180484356
611,0.1802872557528995
612,0.1772966135872542
613,0.17437946658884784
614,0.17153367081987209
615,0.16875714578809786
616,0.16604787307128574
617,0.16340389491042115
618,0.16082331277968204
619,0.1583042859402798
620,0.15584502998460098
621,0.15344381537639032
622,0.1510989659921224
623,0.14880885766809948
624,0.14657191675732503
625,0.1443866186996762
626,0.1422514866084824
627,0.14016508987618886
628,0.13812604280142052
629,0.1361330032394183
630,0.13418467127751046
631,0.13227978793700512
632,0.13041713390263296
633,0.12859552828044415
634,0.12681382738485789
635,0.12507092355538124
636,0.12336574400334199
637,0.12169724968884968
638,0.12006443422805393
639,0.11846632283066182
640,0.11690197126757772
641,0.11537046486843788
642,0.11387091754873196
643,0.11240247086614585
644,0.1109642931056947
645,0.10955557839317577
646,0.10817554583641625
647,0.10682343869377459
648,0.10549852356930937
649,0.10420008963402277
650,0.1029274478725511
651,0.10167993035468058
652,0.10045688953104481
653,0.09925769755235689
654,0.09808174561153087
655,0.09692844330804261
656,0.09579721803388816
657,0.09468751438049433
658,0.09359879356595074
659,0.0925305328819354
660,0.09148222515971717
661,0.09045337825462743
662,0.08944351454840636
663,0.08845217046883877
664,0.08747889602610956
665,0.0865232543653207
666,0.08558482133462508
667,0.08466318506844678
668,0.0837579455852711
669,0.08286871439950155
670,0.08199511414689858
671,0.08113677822312
672,0.08029335043490884
673,0.07946448466348106
674,0.07864984453967824
675,0.0778491031304714
676,0.07706194263640792
677,0.07628805409961043
678,0.07552713712195003
679,0.0747788995930257
680,0.0740430574275986
681,0.07331933431213955
682,0.07260746146015665
683,0.07190717737599
684,0.07121822762676347
685,0.07054036462219614
686,0.06987334740199247
687,0.06921694143053239
688,0.0685709183985949
689,0.06793505603186428
690,0.06730913790596725
691,0.06669295326780834
692,0.06608629686297006
693,0.06548896876896196
694,0.06490077423410469
695,0.064321523521843
696,0.06375103176029515
697,0.06318911879684584
698,0.06263560905760132
699,0.062090331411532355
700,0.061553119039135455
701,0.06102380930544835
702,0.06050224363726561
703,0.05998826740440334
704,0.059481729804865095
705,0.05898248375377393
706,0.0584903857759329
707,0.05800529590188658
708,0.05752707756735763
709,0.057055597515940464
710,0.0565907257049357
711,0.05613233521421411
712,0.055680302158004354
713,0.05523450559950148
714,0.05479482746819554
715,0.05436115247982819
716,0.05393336805888335
717,0.053511364263522695
718,0.05309503371288571
719,0.05268427151666571
720,0.05227897520688899
721,0.051879044671817934
722,0.051484382091906186
723,0.051094891877734715
724,0.05071048060986283
725,0.05033105698052574
726,0.04995653173711962
