1,2.0590749490018223
2,2.0480110277731858
3,2.0353775820682913
4,2.023899540985144
5,2.01488652193676
6,2.008588523431497
7,2.0046369572326146
8,2.0024192209233114
9,2.0013254640939184
10,2.0008703041523654
11,2.000724037198875
12,2.000693411845334
13,2.0006834201288584
14,2.000659171713165
15,2.0006164335893613
16,2.000562620199575
17,2.0005065859540934
18,2.0004544585117303
19,2.0004089183098888
20,2.000370014718271
21,2.0003363560122445
22,2.0003061060910095
23,2.0002776090716994
24,2.0002496688749543
25,2.0002215894506605
26,2.000193086706912
27,2.000164156494322
28,2.0001349494685337
29,2.00010567573186
30,2.0000765437268417
31,2.000047728212001
32,2.0000193587988875
33,1.999991520827606
34,1.9999642622516325
35,1.9999376023976114
36,1.9999115403137329
37,1.9998860617124108
38,1.9998611442827625
39,1.9998367615280126
40,1.9998128854164567
41,1.9997894881382487
42,1.9997665432111003
43,1.999744026119032
44,1.9997219146183904
45,1.9997001888090535
46,1.9996788310442932
47,1.9996578257361373
48,1.999637159100994
49,1.9996168188804408
50,1.999596794063372
51,1.9995770746278598
52,1.999557651314205
53,1.999538515434862
54,1.9995196587224688
55,1.9995010732139837
56,1.999482751166887
57,1.9994646850023372
58,1.9994468672698638
59,1.9994292906283828
60,1.9994119478388896
61,1.9993948317649024
62,1.9993779353775036
63,1.9993612517625878
64,1.9993447741286017
65,1.999328495813623
66,1.9993124102911006
67,1.9992965111739072
68,1.9992807922166427
69,1.9992652473162682
70,1.9992498705112705
71,1.9992346559796208
72,1.9992195980357677
73,1.9992046911269552
74,1.99918992982907
75,1.9991753088422268
76,1.9991608229862405
77,1.999146467196116
78,1.9991322365176274
79,1.9991181261030602
80,1.9991041312071334
81,1.999090247183132
82,1.9990764694792387
83,1.999062793635064
84,1.999049215278362
85,1.9990357301219093
86,1.999022333960538
87,1.9990090226682997
88,1.9989957921957422
89,1.998982638567297
90,1.99896955787875
91,1.998956546294802
92,1.998943600046692
93,1.9989307154299003
94,1.9989178888019001
95,1.9989051165799814
96,1.9988923952391202
97,1.9988797213099025
98,1.998867091376506
99,1.9988545020747237
100,1.9988419500900374
101,1.9988294321557418
102,1.9988169450511108
103,1.9988044855996074
104,1.998792050667136
105,1.9987796371603388
106,1.9987672420249298
107,1.9987548622440663
108,1.9987424948367591
109,1.9987301368563148
110,1.998717785388819
111,1.9987054375516404
112,1.9986930904919804
113,1.9986807413854373
114,1.9986683874346114
115,1.998656025867729
116,1.9986436539372971
117,1.9986312689187788
118,1.9986188681092942
119,1.998606448826345
120,1.9985940084065565
121,1.9985815442044437
122,1.9985690535911935
123,1.9985565339534663
124,1.998543982692214
125,1.9985313972215186
126,1.9985187749674358
127,1.9985061133668656
128,1.9984934098664273
129,1.9984806619213522
130,1.998467866994383
131,1.9984550225546935
132,1.9984421260768057
133,1.9984291750395267
134,1.9984161669248939
135,1.9984030992171187
136,1.9983899694015501
137,1.998376774963634
138,1.9983635133878872
139,1.9983501821568677
140,1.9983367787501574
141,1.998323300643344
142,1.9983097453070062
143,1.9982961102057033
144,1.998282392796964
145,1.9982685905302784
146,1.9982547008460885
147,1.998240721174779
148,1.99822664893567
149,1.9982124815360032
150,1.9981982163699268
151,1.998183850817484
152,1.9981693822435904
153,1.9981548079970053
154,1.998140125409312
155,1.9981253317938767
156,1.9981104244448096
157,1.9980954006359206
158,1.99808025761966
159,1.9980649926260607
160,1.9980496028616646
161,1.998034085508443
162,1.9980184377227075
163,1.9980026566340054
164,1.9979867393440105
165,1.9979706829253996
166,1.9979544844207109
167,1.9979381408411987
168,1.997921649165666
169,1.9979050063392854
170,1.997888209272404
171,1.9978712548393323
172,1.9978541398771181
173,1.9978368611842945
174,1.997819415519622
175,1.9978017996007995
176,1.9977840101031596
177,1.9977660436583484
178,1.9977478968529712
179,1.9977295662272272
180,1.9977110482735139
181,1.9976923394350088
182,1.9976734361042259
183,1.9976543346215454
184,1.9976350312737172
185,1.9976155222923344
186,1.997595803852278
187,1.9975758720701327
188,1.9975557230025678
189,1.9975353526446928
190,1.9975147569283696
191,1.9974939317204974
192,1.9974728728212605
193,1.997451575962335
194,1.9974300368050653
195,1.99740825093859
196,1.997386213877937
197,1.9973639210620726
198,1.9973413678519052
199,1.9973185495282473
200,1.9972954612897293
201,1.997272098250667
202,1.9972484554388774
203,1.9972245277934457
204,1.9972003101624412
205,1.9971757973005717
206,1.9971509838667951
207,1.9971258644218586
208,1.9971004334257891
209,1.9970746852353178
210,1.9970486141012438
211,1.9970222141657283
212,1.9969954794595295
213,1.9969684038991578
214,1.9969409812839685
215,1.9969132052931753
216,1.9968850694827922
217,1.9968565672824914
218,1.9968276919923857
219,1.9967984367797253
220,1.9967687946755066
221,1.9967387585709968
222,1.996708321214164
223,1.996677475206013
224,1.9966462129968245
225,1.9966145268822957
226,1.9965824089995723
227,1.996549851323182
228,1.9965168456608513
229,1.9964833836492062
230,1.9964494567493682
231,1.9964150562424154
232,1.996380173224729
233,1.9963447986032037
234,1.996308923090333
235,1.9962725371991503
236,1.9962356312380343
237,1.9961981953053654
238,1.9961602192840326
239,1.9961216928357874
240,1.996082605395432
241,1.996042946164849
242,1.996002704106854
243,1.995961867938877
244,1.9959204261264603
245,1.9958783668765652
246,1.9958356781306925
247,1.9957923475577943
248,1.995748362546984
249,1.9957037102000335
250,1.9956583773236467
251,1.9956123504215084
252,1.9955656156860961
253,1.9955181589902482
254,1.9954699658784856
255,1.9954210215580699
256,1.995371310889795
257,1.9953208183785023
258,1.9952695281633115
259,1.995217424007553
260,1.9951644892883988
261,1.995110706986173
262,1.995056059673343
263,1.995000529503169
264,1.994944098198002
265,1.9948867470372345
266,1.9948284568448629
267,1.994769207976676
268,1.9947089803070417
269,1.9946477532152844
270,1.9945855055716337
271,1.9945222157227338
272,1.9944578614767021
273,1.994392420087711
274,1.9943258682400884
275,1.9942581820319087
276,1.994189336958069
277,1.9941193078928228
278,1.9940480690717557
279,1.9939755940731858
280,1.9939018557989656
281,1.993826826454669
282,1.9937504775291353
283,1.9936727797733516
284,1.9935937031786555
285,1.9935132169542205
286,1.993431289503817
287,1.993347888401805
288,1.9932629803683464
289,1.9931765312438023
290,1.9930885059622832
291,1.9929988685243332
292,1.9929075819687045
293,1.9928146083432026
294,1.9927199086745515
295,1.9926234429372727
296,1.9925251700215059
297,1.9924250476997707
298,1.9923230325925991
299,1.9922190801330233
300,1.992113144529867
301,1.9920051787297905
302,1.9918951343780633
303,1.9917829617779965
304,1.9916686098490095
305,1.9915520260832649
306,1.99143315650082
307,1.9913119456032637
308,1.99118833632575
309,1.9910622699874017
310,1.9909336862400036
311,1.990802523014937
312,1.990668716468289
313,1.9905322009240625
314,1.9903929088154337
315,1.9902507706239707
316,1.9901057148167554
317,1.9899576677813169
318,1.989806553758312
319,1.9896522947718682
320,1.9894948105574954
321,1.989334018487491
322,1.9891698334937478
323,1.9890021679878616
324,1.9888309317784563
325,1.9886560319856112
326,1.9884773729523035
327,1.9882948561527476
328,1.9881083800975283
329,1.9879178402354092
330,1.987723128851705
331,1.9875241349630908
332,1.9873207442087253
333,1.9871128387375623
334,1.9869002970917142
335,1.9866829940857267
336,1.9864608006816364
337,1.9862335838596459
338,1.9860012064842874
339,1.9857635271659044
340,1.9855204001173041
341,1.9852716750054074
342,1.9850171967977377
343,1.9847568056035723
344,1.9844903365095785
345,1.984217619409757
346,1.983938478829504
347,1.983652733743603
348,1.9833601973879558
349,1.9830606770648422
350,1.9827539739415263
351,1.9824398828419796
352,1.9821181920315258
353,1.98178868299419
354,1.9814511302025264
355,1.9811053008797181
356,1.9807509547537125
357,1.9803878438031655
358,1.9800157119949813
359,1.979634295013198
360,1.979243319978995
361,1.978842505161599
362,1.9784315596798365
363,1.9780101831941201
364,1.9775780655886221
365,1.97713488664342
366,1.9766803156963784
367,1.9762140112945494
368,1.9757356208348715
369,1.975244780193969
370,1.9747411133468256
371,1.9742242319741636
372,1.973693735058328
373,1.9731492084675093
374,1.9725902245281475
375,1.9720163415853778
376,1.9714271035513853
377,1.9708220394415767
378,1.9702006628984732
379,1.9695624717032783
380,1.9689069472750864
381,1.9682335541577287
382,1.9675417394942947
383,1.9668309324894016
384,1.9661005438593124
385,1.965349965270062
386,1.9645785687637907
387,1.9637857061735349
388,1.9629707085267774
389,1.962132885438127
390,1.9612715244915542
391,1.9603858906126732
392,1.959475225431645
393,1.9585387466373478
394,1.9575756473235346
395,1.9565850953277988
396,1.9555662325642522
397,1.9545181743509206
398,1.9534400087329569
399,1.9523307958028822
400,1.9511895670191832
401,1.9500153245246943
402,1.9488070404663203
403,1.9475636563177885
404,1.9462840822072143
405,1.9449671962514363
406,1.9436118438991627
407,1.9422168372851394
408,1.9407809545976598
409,1.9393029394618697
410,1.9377815003414685
411,1.9362153099614987
412,1.9346030047550762
413,1.9329431843369957
414,1.9312344110072674
415,1.929475209287733
416,1.9276640654949884
417,1.9257994273529055
418,1.9238797036480975
419,1.921903263931699
420,1.9198684382708233
421,1.9177735170530525
422,1.9156167508472448
423,1.913396350323856
424,1.9111104862378552
425,1.9087572894771172
426,1.9063348511789906
427,1.9038412229174533
428,1.9012744169629514
429,1.8986324066166544
430,1.8959131266204166
431,1.8931144736432497
432,1.890234306844551
433,1.8872704485137153
434,1.8842206847850813
435,1.8810827664264034
436,1.8778544096982737
437,1.874533297281012
438,1.8711170792646805
439,1.8676033741969136
440,1.8639897701822745
441,1.8602738260258778
442,1.8564530724130042
443,1.8525250131154873
444,1.8484871262146858
445,1.844336865330042
446,1.840071660841409
447,1.8356889210927292
448,1.8311860335641594
449,1.8265603659994631
450,1.8218092674754824
451,1.8169300694007573
452,1.811920086430959
453,1.8067766172897926
454,1.8014969454854195
455,1.7960783399143545
456,1.7905180553471438
457,1.7848133327931075
458,1.7789613997449336
459,1.772959470308028
460,1.7668047452242697
461,1.7604944118051589
462,1.754025643795293
463,1.7473956011936065
464,1.7406014300668167
465,1.733640262396988
466,1.726509216012886
467,1.7192053946628367
468,1.711725888294867
469,1.7040677736179124
470,1.696228115025594
471,1.6882039659712822
472,1.6799923708896831
473,1.6715903677657105
474,1.6629949914557318
475,1.65420327786914
476,1.6452122691193432
477,1.636019019752428
478,1.6266206041588
479,1.6170141252677757
480,1.6071967246172745
481,1.597165593880426
482,1.5869179879178987
483,1.5764512394092958
484,1.5657627750989551
485,1.5548501336713696
486,1.54371098524922
487,1.532343152483241
488,1.520744633178088
489,1.5089136243725059
490,1.496848547765952
491,1.4845480763578296
492,1.4720111621400904
493,1.4592370646597561
494,1.446225380245082
495,1.4329760716681073
496,1.4194894979973776
497,1.4057664443778015
498,1.3918081514600233
499,1.3776163441892735
500,1.363193259653315
501,1.3485416736807965
502,1.3336649258748605
503,1.31856694276227
504,1.3032522587356494
505,1.2877260344658028
506,1.271994072462873
507,1.256062829469703
508,1.2399394253788036
509,1.2236316483764784
510,1.2071479560345946
511,1.1904974720929875
512,1.1736899787041093
513,1.1567359039467249
514,1.1396463044574858
515,1.1224328430779322
516,1.1051077614695861
517,1.0876838477104944
518,1.0701743989519328
519,1.0525931792825653
520,1.034954373017773
521,1.0172725337022814
522,0.999562529183008
523,0.9818394831743532
524,0.9641187137983316
525,0.9464156696354289
526,0.9287458638674961
527,0.9111248071302791
528,0.8935679397193859
529,0.8760905638091224
530,0.8587077763482527
531,0.8414344032904064
532,0.8242849357997197
533,0.8072734690448001
534,0.790413644156942
535,0.7737185938825372
536,0.7572008924057815
537,0.7408725097573564
538,0.7247447711588759
539,0.7088283215830233
540,0.6931330957367452
541,0.6776682936011095
542,0.6624423615878433
543,0.647462979300505
544,0.6327370518190223
545,0.618270707361129
546,0.6040693001141075
547,0.590137417976139
548,0.5764788948991715
549,0.5630968274851778
550,0.5499935954552506
551,0.5371708855864878
552,0.5246297186948659
553,0.5123704792332896
554,0.5003929470721858
555,0.4886963310350265
556,0.47727930377229516
557,0.4661400375740169
558,0.4552762407421818
559,0.444685194169469
560,0.4343637877987465
561,0.42430855666806494
562,0.4145157162775015
563,0.40498119704654933
564,0.3957006776630334
565,0.38666961715630194
566,0.3778832855580847
567,0.36933679304355393
568,0.36102511747247634
569,0.352943130275556
570,0.34508562065409176
571,0.33744731808171313
572,0.33002291311522397
573,0.32280707653749335
574,0.3157944768689194
575,0.3089797962954044
576,0.30235774507008756
577,0.295923074453498
578,0.28967058826240616
579,0.2835951531017232
580,0.2776917073564073
581,0.2719552690217337
582,0.2663809424505798
583,0.26096392409576785
584,0.2556995073241138
585,0.2505830863768099
586,0.2456101595482303
587,0.24077633165231987
588,0.23607731584249736
589,0.23150893484755894
590,0.22706712168250476
591,0.2227479198895645
592,0.2185474833610504
593,0.21446207579204768
594,0.21048806980740262
595,0.20662194580402649
596,0.2028602905462207
597,0.1991997955485307
598,0.19563725527764467
599,0.19216956520196227
600,0.1887937197148021
601,0.18550680995466784
602,0.18230602154366632
603,0.17918863226297554
604,0.17615200968224087
605,0.17319360875792167
606,0.1703109694138857
607,0.16750171411599116
608,0.1647635454509424
609,0.16209424371842263
610,0.1594916645442922
611,0.1569537365215845
612,0.15447845888504702
613,0.15206389922410354
614,0.14970819123832255
615,0.1474095325387741
616,0.14516618249802227
617,0.14297646015094168
618,0.14083874214804354
619,0.13875146076255984
620,0.13671310195213915
621,0.13472220347566516
622,0.13277735306541733
623,0.13087718665451445
624,0.12902038665937707
625,0.12720568031673252
626,0.12543183807452435
627,0.1236976720359509
628,0.12200203445573125
629,0.12034381628760098
630,0.11872194578195801
631,0.11713538713251245
632,0.11558313917074298
633,0.11406423410692304
634,0.11257773631644964
635,0.11112274117019079
636,0.10969837390755546
637,0.10830378855098731
638,0.10693816686057994
639,0.10560071732753418
640,0.10429067420517023
641,0.10300729657624189
642,0.10174986745530883
643,0.100517692924949
644,0.0993101013046217
645,0.09812644235100734
646,0.09696608648869498
647,0.0958284240700976
648,0.09471286466352705
649,0.09361883636836912
650,0.092545785156351
651,0.09149317423790573
652,0.09046048345268579
653,0.0894472086832972
654,0.08845286129136058
655,0.08747696757503967
656,0.08651906824720042
657,0.08557871793339823
658,0.08465548468891967
659,0.0837489495341307
660,0.08285870600741226
661,0.08198435973499316
662,0.08112552801701053
663,0.08028183942916109
664,0.07945293343932408
665,0.078638460038565
666,0.0778380793859506
667,0.07705146146662946
668,0.07627828576264989
669,0.07551824093601497
670,0.07477102452348625
671,0.07403634264267415
672,0.07331390970896742
673,0.07260344816287373
674,0.07190468820735971
675,0.07121736755479813
676,0.07054123118314043
677,0.06987603110095553
678,0.06922152612098402
679,0.06857748164187451
680,0.06794366943778206
681,0.06731986745552186
682,0.06670585961898184
683,0.06610143564051366
684,0.065506390839029
685,0.064920525964543
686,0.06434364702891415
687,0.06377556514254173
688,0.06321609635679167
689,0.06266506151193131
690,0.06212228609036051
691,0.06158760007493727
692,0.06106083781220525
693,0.06054183788033418
694,0.060030442961596264
695,0.059526499719206184
696,0.05902985867836092
697,0.058540374111320584
698,0.058057903926379224
699,0.05758230956058029
700,0.057113455876037174
701,0.05665121105972371
702,0.05619544652660812
703,0.05574603682600515
704,0.05530285955102825
705,0.05486579525102939
706,0.05443472734691415
707,0.05400954204923094
708,0.053590128278929894
709,0.053176377590697516
710,0.05276818409877197
711,0.05236544440515084
712,0.05196805753010546
713,0.051575924844917825
714,0.05118895000676265
715,0.05080703889565787
716,0.05043009955340925
717,0.05005804212447942
718,0.049690778798714315
