1,0.5155917229224813
2,0.5044254197816662
3,0.5000809232265864
4,0.5009596013593298
5,0.5017079303177955
6,0.5009158565507901
7,0.5000955291552814
8,0.5001691125625061
9,0.5006320880849799
10,0.5007880405386524
11,0.5005651531739663
12,0.5002668802715147
13,0.5000944668142846
14,0.5000393540074215
15,0.5000320725933878
16,0.5000455135853368
17,0.5000796413969306
18,0.5001229747559068
19,0.5001532888687584
20,0.5001584831186713
21,0.5001438683699698
22,0.5001227111425768
23,0.5001053373786906
24,0.5000957822056822
25,0.5000937293881188
26,0.5000969033402235
27,0.5001023410974471
28,0.5001072458884823
29,0.5001098154456266
30,0.5001096601199178
31,0.5001075348556678
32,0.5001046533684881
33,0.5001020591164823
34,0.5001003147553554
35,0.5000994927793494
36,0.5000993323716555
37,0.5000994423738419
38,0.5000994750733665
39,0.5000992289784812
40,0.5000986687520793
41,0.5000978806387251
42,0.5000970002740908
43,0.5000961484831619
44,0.5000953951220579
45,0.5000947533209139
46,0.5000941949745097
47,0.5000936746327096
48,0.5000931508692935
49,0.5000925988754792
50,0.5000920130735822
51,0.5000914023102505
52,0.5000907818375144
53,0.5000901659305127
54,0.5000895634222575
55,0.5000889766362969
56,0.5000884028790914
57,0.5000878370911488
58,0.5000872743628788
59,0.5000867115212299
60,0.5000861475818112
61,0.5000855833122685
62,0.5000850203638229
63,0.5000844604120489
64,0.5000839045899944
65,0.5000833532997588
66,0.5000828063324023
67,0.5000822631483094
68,0.5000817231688879
69,0.500081185979125
70,0.5000806514052943
71,0.5000801194859064
72,0.5000795903828834
73,0.5000790642831562
74,0.5000785413264064
75,0.5000780215735259
76,0.5000775050118745
77,0.5000769915827171
78,0.5000764812140892
79,0.5000759738464506
80,0.5000754694452755
81,0.5000749680010574
82,0.5000744695211313
83,0.5000739740188451
84,0.5000734815045235
85,0.5000729919805295
86,0.5000725054405877
87,0.500072021872097
88,0.5000715412596352
89,0.5000710635881108
90,0.5000705888446656
91,0.5000701170191567
92,0.5000696481035589
93,0.5000691820908586
94,0.5000687189739733
95,0.5000682587450321
96,0.5000678013951251
97,0.5000673469144332
98,0.5000668952925689
99,0.5000664465189415
100,0.5000660005830251
101,0.5000655574744777
102,0.500065117183125
103,0.5000646796988639
104,0.5000642450115431
105,0.5000638131108682
106,0.5000633839863506
107,0.5000629576273063
108,0.5000625340228824
109,0.500062113162097
110,0.5000616950338748
111,0.5000612796270696
112,0.5000608669304694
113,0.5000604569327932
114,0.5000600496226795
115,0.5000596449886756
116,0.5000592430192318
117,0.5000588437026988
118,0.5000584470273305
119,0.500058052981289
120,0.5000576615526495
121,0.500057272729405
122,0.5000568864994689
123,0.5000565028506767
124,0.5000561217707863
125,0.5000557432474783
126,0.5000553672683561
127,0.5000549938209471
128,0.5000546228927035
129,0.5000542544710043
130,0.5000538885431564
131,0.5000535250963983
132,0.5000531641178991
133,0.5000528055947625
134,0.5000524495140265
135,0.5000520958626656
136,0.5000517446275925
137,0.5000513957956583
138,0.5000510493536547
139,0.5000507052883161
140,0.500050363586319
141,0.5000500242342862
142,0.5000496872187861
143,0.5000493525263354
144,0.5000490201434002
145,0.5000486900563978
146,0.5000483622516977
147,0.5000480367156228
148,0.5000477134344525
149,0.5000473923944219
150,0.500047073581725
151,0.5000467569825153
152,0.5000464425829078
153,0.5000461303689803
154,0.5000458203267745
155,0.5000455124422976
156,0.5000452067015247
157,0.5000449030903988
158,0.5000446015948333
159,0.5000443022007128
160,0.5000440048938954
161,0.5000437096602129
162,0.5000434164854733
163,0.5000431253554622
164,0.5000428362559433
165,0.5000425491726604
166,0.5000422640913399
167,0.5000419809976895
168,0.5000416998774029
169,0.5000414207161582
170,0.5000411434996217
171,0.5000408682134476
172,0.5000405948432805
173,0.5000403233747558
174,0.5000400537935017
175,0.5000397860851409
176,0.5000395202352907
177,0.5000392562295656
178,0.500038994053578
179,0.5000387336929395
180,0.5000384751332626
181,0.5000382183601617
182,0.5000379633592542
183,0.5000377101161627
184,0.5000374586165148
185,0.5000372088459456
186,0.5000369607900986
187,0.5000367144346267
188,0.5000364697651938
189,0.5000362267674755
190,0.5000359854271611
191,0.5000357457299538
192,0.500035507661573
193,0.5000352712077544
194,0.500035036354252
195,0.5000348030868389
196,0.5000345713913082
197,0.5000343412534748
198,0.5000341126591757
199,0.5000338855942721
200,0.5000336600446491
201,0.5000334359962184
202,0.5000332134349179
203,0.500032992346714
204,0.5000327727176017
205,0.5000325545336061
206,0.500032337780783
207,0.5000321224452209
208,0.5000319085130407
209,0.5000316959703976
210,0.5000314848034815
211,0.5000312749985184
212,0.5000310665417711
213,0.50003085941954
214,0.500030653618164
215,0.5000304491240223
216,0.5000302459235336
217,0.500030044003159
218,0.5000298433494004
219,0.5000296439488038
220,0.5000294457879586
221,0.5000292488534988
222,0.5000290531321041
223,0.5000288586105003
224,0.5000286652754599
225,0.5000284731138035
226,0.5000282821124
227,0.5000280922581679
228,0.5000279035380752
229,0.5000277159391406
230,0.5000275294484344
231,0.5000273440530785
232,0.5000271597402478
233,0.5000269764971704
234,0.5000267943111281
235,0.5000266131694576
236,0.5000264330595505
237,0.5000262539688541
238,0.5000260758848725
239,0.5000258987951657
240,0.500025722687352
241,0.5000255475491076
242,0.5000253733681663
243,0.500025200132322
244,0.5000250278294274
245,0.5000248564473951
246,0.5000246859741986
247,0.5000245163978716
248,0.5000243477065096
249,0.5000241798882696
250,0.500024012931371
251,0.5000238468240952
252,0.5000236815547868
253,0.500023517111854
254,0.5000233534837681
255,0.5000231906590648
256,0.5000230286263436
257,0.5000228673742694
258,0.5000227068915712
259,0.5000225471670443
260,0.500022388189548
261,0.5000222299480092
262,0.500022072431419
263,0.5000219156288366
264,0.5000217595293862
265,0.5000216041222597
266,0.5000214493967154
267,0.5000212953420794
268,0.5000211419477445
269,0.5000209892031712
270,0.5000208370978877
271,0.5000206856214905
272,0.5000205347636433
273,0.500020384514078
274,0.5000202348625953
275,0.5000200857990638
276,0.5000199373134204
277,0.5000197893956709
278,0.5000196420358896
279,0.500019495224219
280,0.5000193489508705
281,0.5000192032061248
282,0.5000190579803305
283,0.5000189132639058
284,0.5000187690473368
285,0.5000186253211795
286,0.5000184820760578
287,0.5000183393026648
288,0.5000181969917623
289,0.500018055134181
290,0.5000179137208198
291,0.5000177727426471
292,0.5000176321906991
293,0.5000174920560806
294,0.5000173523299651
295,0.5000172130035946
296,0.5000170740682788
297,0.5000169355153962
298,0.5000167973363926
299,0.5000166595227826
300,0.5000165220661478
301,0.5000163849581378
302,0.50001624819047
303,0.5000161117549284
304,0.500015975643365
305,0.5000158398476986
306,0.5000157043599147
307,0.5000155691720656
308,0.5000154342762703
309,0.5000152996647137
310,0.5000151653296474
311,0.5000150312633883
312,0.5000148974583196
313,0.5000147639068896
314,0.5000146306016121
315,0.5000144975350658
316,0.5000143646998942
317,0.5000142320888056
318,0.5000140996945724
319,0.500013967510031
320,0.5000138355280821
321,0.5000137037416894
322,0.50001357214388
323,0.5000134407277443
324,0.5000133094864354
325,0.5000131784131687
326,0.5000130475012217
327,0.5000129167439339
328,0.5000127861347066
329,0.5000126556670021
330,0.5000125253343439
331,0.5000123951303161
332,0.5000122650485632
333,0.5000121350827895
334,0.5000120052267598
335,0.5000118754742974
336,0.5000117458192852
337,0.5000116162556647
338,0.5000114867774363
339,0.500011357378658
340,0.5000112280534456
341,0.5000110987959723
342,0.5000109696004688
343,0.5000108404612222
344,0.5000107113725761
345,0.5000105823289299
346,0.5000104533247394
347,0.5000103243545144
348,0.5000101954128213
349,0.5000100664942799
350,0.5000099375935648
351,0.5000098087054041
352,0.50000967982458
353,0.5000095509459273
354,0.5000094220643339
355,0.50000929317474
356,0.5000091642721376
357,0.5000090353515712
358,0.5000089064081354
359,0.5000087774369768
360,0.5000086484332917
361,0.5000085193923273
362,0.5000083903093799
363,0.5000082611797957
364,0.5000081319989695
365,0.500008002762345
366,0.5000078734654143
367,0.5000077441037172
368,0.5000076146728406
369,0.5000074851684191
370,0.5000073555861339
371,0.5000072259217121
372,0.5000070961709273
373,0.5000069663295983
374,0.5000068363935891
375,0.5000067063588088
376,0.5000065762212106
377,0.5000064459767916
378,0.5000063156215928
379,0.5000061851516985
380,0.5000060545632358
381,0.5000059238523737
382,0.5000057930153244
383,0.5000056620483408
384,0.5000055309477178
385,0.5000053997097909
386,0.500005268330936
387,0.5000051368075696
388,0.500005005136148
389,0.5000048733131663
390,0.5000047413351593
391,0.5000046091987002
392,0.5000044769004005
393,0.5000043444369096
394,0.5000042118049142
395,0.5000040790011389
396,0.5000039460223441
397,0.5000038128653275
398,0.5000036795269219
399,0.5000035460039968
400,0.5000034122934561
401,0.5000032783922392
402,0.50000314429732
403,0.5000030100057062
404,0.5000028755144399
405,0.5000027408205963
406,0.5000026059212836
407,0.5000024708136434
408,0.5000023354948488
409,0.5000021999621059
410,0.5000020642126517
411,0.5000019282437549
412,0.5000017920527151
413,0.5000016556368626
414,0.500001518993558
415,0.5000013821201917
416,0.500001245014184
417,0.500001107672984
418,0.5000009700940701
419,0.5000008322749492
420,0.5000006942131561
421,0.5000005559062541
422,0.5000004173518338
423,0.5000002785475128
424,0.5000001394909359
425,0.5000000001797744
426,0.4999998606117261
427,0.49999972078451393
428,0.4999995806958876
429,0.49999944034362126
430,0.49999929972551405
431,0.4999991588393907
432,0.49999901768309907
433,0.49999887625451167
434,0.4999987345515249
435,0.4999985925720582
436,0.4999984503140543
437,0.49999830777547877
438,0.4999981649543196
439,0.4999980218485872
440,0.4999978784563136
441,0.49999773477555265
442,0.4999975908043798
443,0.49999744654089084
444,0.4999973019832029
445,0.49999715712945336
446,0.4999970119777999
447,0.4999968665264201
448,0.499996720773511
449,0.4999965747172892
450,0.49999642835599023
451,0.49999628168786847
452,0.499996134711197
453,0.4999959874242669
454,0.49999583982538737
455,0.49999569191288545
456,0.49999554368510546
457,0.49999539514040914
458,0.49999524627717506
459,0.4999950970937984
460,0.49999494758869134
461,0.49999479776028144
462,0.4999946476070129
463,0.49999449712734517
464,0.4999943463197536
465,0.4999941951827286
466,0.4999940437147752
467,0.4999938919144136
468,0.4999937397801786
469,0.49999358731061905
470,0.49999343450429784
471,0.49999328135979176
472,0.4999931278756912
473,0.4999929740506001
474,0.49999281988313515
475,0.4999926653719264
476,0.49999251051561633
477,0.4999923553128601
478,0.4999921997623251
479,0.4999920438626909
480,0.49999188761264857
481,0.4999917310109013
482,0.49999157405616357
483,0.4999914167471611
484,0.4999912590826307
485,0.49999110106131994
486,0.4999909426819874
487,0.49999078394340135
488,0.49999062484434154
489,0.4999904653835966
490,0.49999030555996593
491,0.49999014537225805
492,0.4999899848192914
493,0.49998982389989377
494,0.4999896626129018
495,0.4999895009571613
496,0.49998933893152714
497,0.49998917653486247
498,0.499989013766039
499,0.4999888506239369
500,0.4999886871074444
501,0.4999885232154574
502,0.4999883589468802
503,0.4999881943006241
504,0.4999880292756085
505,0.49998786387075966
506,0.4999876980850111
507,0.49998753191730333
508,0.49998736536658395
509,0.49998719843180717
510,0.49998703111193366
511,0.4999868634059302
512,0.49998669531277073
513,0.4999865268314343
514,0.4999863579609064
515,0.4999861887001785
516,0.4999860190482477
517,0.4999858490041163
518,0.49998567856679255
519,0.4999855077352895
520,0.49998533650862576
521,0.4999851648858247
522,0.4999849928659147
523,0.49998482044792897
524,0.49998464763090544
525,0.49998447441388605
526,0.4999843007959178
527,0.49998412677605175
528,0.4999839523533428
529,0.4999837775268504
530,0.4999836022956377
531,0.4999834266587716
532,0.4999832506153228
533,0.4999830741643656
534,0.4999828973049776
535,0.49998272003623995
536,0.49998254235723716
537,0.49998236426705683
538,0.4999821857647895
539,0.4999820068495287
540,0.4999818275203707
541,0.4999816477764151
542,0.49998146761676343
543,0.49998128704052014
544,0.49998110604679225
545,0.4999809246346888
546,0.4999807428033216
547,0.4999805605518042
548,0.4999803778792523
549,0.49998019478478395
550,0.49998001126751873
551,0.4999798273265783
552,0.49997964296108616
553,0.49997945817016715
554,0.49997927295294786
555,0.49997908730855645
556,0.49997890123612254
557,0.49997871473477673
558,0.4999785278036516
559,0.4999783404418802
560,0.499978152648597
561,0.4999779644229376
562,0.4999777757640387
563,0.4999775866710371
564,0.49997739714307166
565,0.49997720717928096
566,0.49997701677880474
567,0.4999768259407834
568,0.4999766346643577
569,0.4999764429486691
570,0.4999762507928593
571,0.4999760581960705
572,0.4999758651574451
573,0.4999756716761258
574,0.4999754777512556
575,0.4999752833819775
576,0.49997508856743433
577,0.49997489330676953
578,0.4999746975991259
579,0.4999745014436466
580,0.4999743048394743
581,0.4999741077857516
582,0.49997391028162075
583,0.49997371232622395
584,0.4999735139187027
585,0.4999733150581984
586,0.49997311574385184
587,0.49997291597480303
588,0.4999727157501919
589,0.4999725150691575
590,0.4999723139308385
591,0.49997211233437255
592,0.49997191027889665
593,0.49997170776354705
594,0.49997150478745933
595,0.49997130134976814
596,0.4999710974496071
597,0.49997089308610887
598,0.4999706882584053
599,0.49997048296562707
600,0.4999702772069039
601,0.49997007098136464
602,0.4999698642881364
603,0.49996965712634556
604,0.49996944949511757
605,0.4999692413935758
606,0.4999690328208432
607,0.4999688237760409
608,0.499968614258289
609,0.49996840426670597
610,0.499968193800409
611,0.499967982858514
612,0.4999677714401353
613,0.49996755954438565
614,0.4999673471703764
615,0.49996713431721723
616,0.4999669209840166
617,0.499966707169881
618,0.49996649287391526
619,0.49996627809522304
620,0.49996606283290584
621,0.4999658470860636
622,0.49996563085379475
623,0.4999654141351956
624,0.499965196929361
625,0.49996497923538386
626,0.49996476105235543
627,0.49996454237936483
628,0.4999643232154998
629,0.4999641035598458
630,0.49996388341148623
631,0.49996366276950327
632,0.49996344163297657
633,0.4999632200009839
634,0.4999629978726015
635,0.49996277524690297
636,0.49996255212296026
637,0.49996232849984346
638,0.49996210437662025
639,0.4999618797523565
640,0.49996165462611586
641,0.4999614289969602
642,0.4999612028639488
643,0.499960976226139
644,0.4999607490825865
645,0.499960521432344
646,0.4999602932744628
647,0.4999600646079914
648,0.4999598354319767
649,0.49995960574546305
650,0.4999593755474928
651,0.4999591448371057
652,0.4999589136133396
653,0.4999586818752301
654,0.49995844962181046
655,0.4999582168521116
656,0.4999579835651624
657,0.4999577497599893
658,0.49995751543561623
659,0.49995728059106526
660,0.4999570452253559
661,0.4999568093375053
662,0.4999565729265283
663,0.49995633599143763
664,0.4999560985312434
665,0.49995586054495345
666,0.4999556220315732
667,0.49995538299010595
668,0.4999551434195523
669,0.49995490331891046
670,0.4999546626871769
671,0.4999544215233447
672,0.49995417982640517
673,0.49995393759534723
674,0.4999536948291571
675,0.4999534515268188
676,0.49995320768731377
677,0.499952963309621
678,0.49995271839271743
679,0.4999524729355771
680,0.4999522269371717
681,0.4999519803964707
682,0.4999517333124412
683,0.499951485684047
684,0.49995123751025056
685,0.49995098879001126
686,0.4999507395222861
687,0.49995048970602973
688,0.4999502393401941
689,0.49994998842372906
690,0.49994973695558165
691,0.4999494849346964
692,0.4999492323600155
693,0.49994897923047893
694,0.49994872554502373
695,0.4999484713025846
696,0.49994821650209376
697,0.4999479611424811
698,0.4999477052226735
699,0.49994744874159625
700,0.4999471916981712
701,0.4999469340913184
702,0.4999466759199548
703,0.49994641718299526
704,0.49994615787935215
705,0.4999458980079352
706,0.49994563756765154
707,0.499945376557406
708,0.49994511497610067
709,0.4999448528226355
710,0.4999445900959077
711,0.4999443267948118
712,0.4999440629182402
713,0.49994379846508236
714,0.49994353343422576
715,0.499943267824555
716,0.4999430016349523
717,0.4999427348642973
718,0.49994246751146687
719,0.4999421995753362
720,0.4999419310547773
721,0.4999416619486595
722,0.4999413922558503
723,0.49994112197521434
724,0.4999408511056135
725,0.49994057964590766
726,0.49994030759495367
727,0.49994003495160655
728,0.4999397617147181
729,0.49993948788313813
730,0.49993921345571374
731,0.49993893843128945
732,0.49993866280870763
733,0.4999383865868076
734,0.49993810976442665
735,0.49993783234039946
736,0.49993755431355824
737,0.49993727568273233
738,0.49993699644674916
739,0.4999367166044333
740,0.49993643615460703
741,0.4999361550960901
742,0.4999358734276993
743,0.4999355911482499
744,0.49993530825655363
745,0.4999350247514207
746,0.4999347406316582
747,0.4999344558960708
748,0.4999341705434607
749,0.49993388457262794
750,0.49993359798237
751,0.49993331077148145
752,0.4999330229387548
753,0.49993273448298015
754,0.4999324454029447
755,0.49993215569743354
756,0.49993186536522904
757,0.4999315744051116
758,0.4999312828158584
759,0.4999309905962448
760,0.4999306977450433
761,0.4999304042610243
762,0.4999301101429553
763,0.4999298153896017
764,0.49992951999972624
765,0.4999292239720893
766,0.4999289273054487
767,0.49992862999855997
768,0.49992833205017606
769,0.49992803345904757
770,0.49992773422392256
771,0.4999274343435465
772,0.49992713381666265
773,0.49992683264201193
774,0.4999265308183325
775,0.49992622834436024
776,0.4999259252188284
777,0.49992562144046815
778,0.4999253170080079
779,0.49992501192017386
780,0.49992470617568957
781,0.4999243997732762
782,0.4999240927116526
783,0.4999237849895349
784,0.4999234766056373
785,0.49992316755867117
786,0.4999228578473455
787,0.49992254747036685
788,0.4999222364264395
789,0.499921924714265
790,0.4999216123325428
791,0.49992129927996976
792,0.49992098555524045
793,0.49992067115704675
794,0.4999203560840785
795,0.49992004033502235
796,0.49991972390856343
797,0.4999194068033842
798,0.4999190890181644
799,0.4999187705515814
800,0.49991845140231034
801,0.4999181315690242
802,0.49991781105039257
803,0.4999174898450837
804,0.4999171679517629
805,0.49991684536909303
806,0.4999165220957347
807,0.499916198130346
808,0.49991587347158273
809,0.49991554811809796
810,0.4999152220685428
811,0.4999148953215655
812,0.49991456787581223
813,0.49991423972992666
814,0.4999139108825498
815,0.49991358133232044
816,0.49991325107787526
817,0.4999129201178478
818,0.49991258845086994
819,0.49991225607557044
820,0.4999119229905762
821,0.4999115891945115
822,0.49991125468599806
823,0.4999109194636554
824,0.49991058352610074
825,0.4999102468719484
826,0.4999099094998106
827,0.4999095714082973
828,0.49990923259601555
829,0.4999088930615705
830,0.4999085528035645
831,0.49990821182059775
832,0.4999078701112678
833,0.4999075276741699
834,0.49990718450789684
835,0.49990684061103907
836,0.4999064959821846
837,0.49990615061991894
838,0.49990580452282485
839,0.4999054576894835
840,0.4999051101184729
841,0.4999047618083687
842,0.49990441275774467
843,0.4999040629651714
844,0.49990371242921766
845,0.49990336114844924
846,0.49990300912143015
847,0.49990265634672143
848,0.49990230282288173
849,0.4999019485484675
850,0.4999015935220327
851,0.4999012377421287
852,0.4999008812073045
853,0.4999005239161066
854,0.4999001658670791
855,0.4998998070587639
856,0.49989944748969994
857,0.49989908715842396
858,0.49989872606347047
859,0.4998983642033712
860,0.49989800157665565
861,0.4998976381818505
862,0.4998972740174805
863,0.4998969090820674
864,0.4998965433741309
865,0.4998961768921881
866,0.49989580963475355
867,0.4998954416003393
868,0.4998950727874552
869,0.4998947031946081
870,0.49989433282030304
871,0.4998939616630421
872,0.499893589721325
873,0.4998932169936491
874,0.49989284347850893
875,0.499892469174397
876,0.49989209407980306
877,0.4998917181932142
878,0.49989134151311543
879,0.49989096403798894
880,0.4998905857663145
881,0.49989020669656936
882,0.4998898268272284
883,0.4998894461567637
884,0.499889064683645
885,0.49988868240633993
886,0.4998882993233127
887,0.4998879154330257
888,0.4998875307339383
889,0.49988714522450806
890,0.49988675890318934
891,0.49988637176843426
892,0.4998859838186922
893,0.49988559505241026
894,0.4998852054680327
895,0.4998848150640015
896,0.499884423838756
897,0.4998840317907329
898,0.49988363891836635
899,0.49988324522008803
900,0.499882850694327
901,0.49988245533951
902,0.4998820591540605
903,0.49988166213640006
904,0.4998812642849475
905,0.49988086559811895
906,0.49988046607432796
907,0.4998800657119855
908,0.4998796645095001
909,0.4998792624652775
910,0.4998788595777207
911,0.4998784558452304
912,0.49987805126620466
913,0.4998776458390386
914,0.49987723956212526
915,0.4998768324338544
916,0.4998764244526137
917,0.49987601561678774
918,0.49987560592475916
919,0.499875195374907
920,0.4998747839656084
921,0.4998743716952377
922,0.49987395856216627
923,0.4998735445647632
924,0.4998731297013946
925,0.4998727139704241
926,0.49987229737021266
927,0.4998718798991185
928,0.4998714615554971
929,0.4998710423377013
930,0.4998706222440813
931,0.49987020127298454
932,0.49986977942275573
933,0.49986935669173704
934,0.49986893307826763
935,0.4998685085806842
936,0.49986808319732057
937,0.4998676569265079
938,0.49986722976657455
939,0.4998668017158463
940,0.49986637277264606
941,0.49986594293529374
942,0.4998655122021072
943,0.4998650805714006
944,0.4998646480414861
945,0.49986421461067293
946,0.4998637802772671
947,0.4998633450395722
948,0.499862908895889
949,0.4998624718445158
950,0.49986203388374717
951,0.4998615950118759
952,0.4998611552271911
953,0.4998607145279799
954,0.499860272912526
955,0.49985983037911036
956,0.4998593869260113
957,0.4998589425515041
958,0.49985849725386144
959,0.4998580510313526
960,0.49985760388224487
961,0.4998571558048018
962,0.49985670679728456
963,0.4998562568579515
964,0.49985580598505763
965,0.49985535417685556
966,0.4998549014315945
967,0.4998544477475213
968,0.49985399312287954
969,0.4998535375559099
970,0.49985308104485027
971,0.4998526235879355
972,0.4998521651833976
973,0.4998517058294655
974,0.49985124552436533
975,0.4998507842663201
976,0.49985032205355007
977,0.4998498588842722
978,0.4998493947567006
979,0.4998489296690468
980,0.49984846361951873
981,0.49984799660632157
982,0.4998475286276575
983,0.49984705968172577
984,0.4998465897667225
985,0.49984611888084063
986,0.4998456470222704
987,0.4998451741891988
988,0.49984470037980966
989,0.49984422559228403
990,0.49984374982479984
991,0.49984327307553145
992,0.499842795342651
993,0.4998423166243268
994,0.4998418369187245
995,0.4998413562240064
996,0.4998408745383317
997,0.49984039185985674
998,0.4998399081867343
999,0.49983942351711447
1000,0.4998389378491439
1001,0.4998384511809661
1002,0.49983796351072174
1003,0.49983747483654783
1004,0.4998369851565785
1005,0.49983649446894474
1006,0.4998360027717743
1007,0.49983551006319127
1008,0.49983501634131755
1009,0.4998345216042708
1010,0.4998340258501659
1011,0.49983352907711465
1012,0.4998330312832251
1013,0.49983253246660275
1014,0.49983203262534903
1015,0.4998315317575629
1016,0.49983102986133937
1017,0.49983052693477076
1018,0.49983002297594553
1019,0.4998295179829493
1020,0.499829011953864
1021,0.49982850488676855
1022,0.49982799677973827
1023,0.4998274876308453
1024,0.4998269774381586
1025,0.49982646619974336
1026,0.49982595391366175
1027,0.49982544057797224
1028,0.4998249261907304
1029,0.49982441074998785
1030,0.49982389425379314
1031,0.4998233767001915
1032,0.4998228580872244
1033,0.4998223384129301
1034,0.4998218176753433
1035,0.4998212958724955
1036,0.4998207730024144
1037,0.49982024906312444
1038,0.4998197240526465
1039,0.499819197968998
1040,0.4998186708101928
1041,0.4998181425742415
1042,0.4998176132591509
1043,0.49981708286292426
1044,0.49981655138356157
1045,0.49981601881905885
1046,0.49981548516740903
1047,0.49981495042660096
1048,0.4998144145946206
1049,0.4998138776694497
1050,0.4998133396490666
1051,0.49981280053144606
1052,0.49981226031455933
1053,0.49981171899637383
1054,0.4998111765748534
1055,0.49981063304795825
1056,0.499810088413645
1057,0.4998095426698663
1058,0.49980899581457156
1059,0.49980844784570627
1060,0.49980789876121207
1061,0.49980734855902714
1062,0.49980679723708565
1063,0.4998062447933183
1064,0.49980569122565194
1065,0.49980513653200964
1066,0.49980458071031075
1067,0.49980402375847055
1068,0.4998034656744009
1069,0.49980290645600994
1070,0.49980234610120156
1071,0.49980178460787594
1072,0.49980122197392957
1073,0.499800658197255
1074,0.4998000932757412
1075,0.4997995272072727
1076,0.49979895998973056
1077,0.4997983916209917
1078,0.4997978220989293
1079,0.49979725142141274
1080,0.49979667958630714
1081,0.49979610659147367
1082,0.49979553243476993
1083,0.4997949571140493
1084,0.49979438062716086
1085,0.49979380297195053
1086,0.49979322414625915
1087,0.49979264414792457
1088,0.49979206297477985
1089,0.4997914806246543
1090,0.49979089709537333
1091,0.49979031238475774
1092,0.499789726490625
1093,0.49978913941078773
1094,0.49978855114305515
1095,0.4997879616852319
1096,0.4997873710351184
1097,0.4997867791905113
1098,0.49978618614920267
1099,0.49978559190898086
1100,0.49978499646762964
1101,0.4997843998229289
1102,0.49978380197265393
1103,0.4997832029145761
1104,0.49978260264646257
1105,0.4997820011660759
1106,0.49978139847117475
1107,0.4997807945595133
1108,0.4997801894288415
1109,0.49977958307690484
1110,0.4997789755014449
1111,0.4997783667001983
1112,0.49977775667089774
1113,0.4997771454112717
1114,0.49977653291904367
1115,0.4997759191919332
1116,0.49977530422765537
1117,0.4997746880239209
1118,0.49977407057843576
1119,0.4997734518889019
1120,0.49977283195301625
1121,0.4997722107684718
1122,0.49977158833295693
1123,0.4997709646441551
1124,0.4997703396997458
1125,0.4997697134974036
1126,0.4997690860347986
1127,0.4997684573095964
1128,0.49976782731945807
1129,0.4997671960620398
1130,0.4997665635349934
1131,0.49976592973596595
1132,0.4997652946625999
1133,0.49976465831253325
1134,0.4997640206833988
1135,0.4997633817728251
1136,0.4997627415784359
1137,0.49976210009785016
1138,0.4997614573286821
1139,0.49976081326854116
1140,0.4997601679150321
1141,0.49975952126575474
1142,0.49975887331830415
1143,0.49975822407027054
1144,0.49975757351923955
1145,0.4997569216627915
1146,0.4997562684985024
1147,0.49975561402394253
1148,0.49975495823667826
1149,0.4997543011342703
1150,0.4997536427142748
1151,0.49975298297424264
1152,0.4997523219117199
1153,0.49975165952424794
1154,0.49975099580936244
1155,0.49975033076459474
1156,0.4997496643874707
1157,0.4997489966755112
1158,0.4997483276262321
1159,0.4997476572371443
1160,0.4997469855057534
1161,0.49974631242955975
1162,0.49974563800605876
1163,0.49974496223274056
1164,0.49974428510709024
1165,0.49974360662658734
1166,0.4997429267887067
1167,0.49974224559091734
1168,0.4997415630306835
1169,0.4997408791054637
1170,0.49974019381271173
1171,0.4997395071498753
1172,0.49973881911439766
1173,0.49973812970371584
1174,0.4997374389152621
1175,0.499736746746463
1176,0.4997360531947398
1177,0.49973535825750837
1178,0.4997346619321792
1179,0.4997339642161568
1180,0.4997332651068407
1181,0.499732564601625
1182,0.4997318626978977
1183,0.49973115939304175
1184,0.49973045468443433
1185,0.49972974856944713
1186,0.4997290410454461
1187,0.4997283321097914
1188,0.49972762175983815
1189,0.499726909992935
1190,0.49972619680642544
1191,0.4997254821976471
1192,0.4997247661639319
1193,0.4997240487026058
1194,0.49972332981098927
1195,0.4997226094863968
1196,0.4997218877261371
1197,0.49972116452751314
1198,0.49972043988782167
1199,0.49971971380435415
1200,0.49971898627439537
1201,0.4997182572952249
1202,0.4997175268641161
1203,0.49971679497833604
1204,0.49971606163514615
1205,0.49971532683180203
1206,0.49971459056555256
1207,0.4997138528336412
1208,0.499713113633305
1209,0.49971237296177495
1210,0.4997116308162759
1211,0.4997108871940268
1212,0.49971014209223985
1213,0.4997093955081216
1214,0.499708647438872
1215,0.4997078978816851
1216,0.4997071468337484
1217,0.4997063942922432
1218,0.49970564025434444
1219,0.49970488471722085
1220,0.49970412767803446
1221,0.4997033691339412
1222,0.4997026090820905
1223,0.49970184751962565
1224,0.4997010844436828
1225,0.4997003198513921
1226,0.499699553739877
1227,0.4996987861062548
1228,0.4996980169476353
1229,0.499697246261123
1230,0.4996964740438148
1231,0.4996957002928011
1232,0.499694925005166
1233,0.4996941481779866
1234,0.4996933698083334
1235,0.49969258989327014
1236,0.4996918084298536
1237,0.4996910254151342
1238,0.4996902408461552
1239,0.499689454719953
1240,0.4996886670335572
1241,0.4996878777839906
1242,0.4996870869682689
1243,0.49968629458340086
1244,0.4996855006263883
1245,0.499684705094226
1246,0.49968390798390205
1247,0.4996831092923968
1248,0.4996823090166838
1249,0.49968150715372983
1250,0.499680703700494
1251,0.4996798986539287
1252,0.4996790920109784
1253,0.49967828376858114
1254,0.49967747392366735
1255,0.49967666247316006
1256,0.4996758494139752
1257,0.4996750347430211
1258,0.49967421845719895
1259,0.49967340055340254
1260,0.49967258102851786
1261,0.4996717598794237
1262,0.4996709371029914
1263,0.49967011269608486
1264,0.4996692866555599
1265,0.49966845897826534
1266,0.4996676296610423
1267,0.4996667987007238
1268,0.4996659660941355
1269,0.4996651318380954
1270,0.49966429592941386
1271,0.499663458364893
1272,0.4996626191413276
1273,0.4996617782555044
1274,0.4996609357042023
1275,0.4996600914841922
1276,0.4996592455922373
1277,0.49965839802509265
1278,0.4996575487795055
1279,0.4996566978522147
1280,0.4996558452399514
1281,0.49965499093943855
1282,0.49965413494739086
1283,0.4996532772605151
1284,0.49965241787550957
1285,0.49965155678906464
1286,0.4996506939978621
1287,0.49964982949857595
1288,0.49964896328787106
1289,0.49964809536240484
1290,0.4996472257188257
1291,0.49964635435377386
1292,0.499645481263881
1293,0.49964460644577025
1294,0.49964372989605627
1295,0.49964285161134525
1296,0.49964197158823476
1297,0.4996410898233134
1298,0.49964020631316164
1299,0.4996393210543507
1300,0.49963843404344355
1301,0.4996375452769939
1302,0.499636654751547
1303,0.4996357624636391
1304,0.49963486840979765
1305,0.49963397258654085
1306,0.4996330749903784
1307,0.4996321756178108
1308,0.49963127446532934
1309,0.4996303715294166
1310,0.4996294668065455
1311,0.49962856029318037
1312,0.49962765198577624
1313,0.4996267418807785
1314,0.4996258299746237
1315,0.49962491626373884
1316,0.4996240007445417
1317,0.4996230834134409
1318,0.4996221642668349
1319,0.4996212433011135
1320,0.49962032051265676
1321,0.4996193958978348
1322,0.4996184694530088
1323,0.49961754117452967
1324,0.4996166110587393
1325,0.49961567910196936
1326,0.4996147453005419
1327,0.49961380965076935
1328,0.4996128721489542
1329,0.49961193279138916
1330,0.4996109915743568
1331,0.49961004849412993
1332,0.4996091035469714
1333,0.49960815672913395
1334,0.49960720803686
1335,0.49960625746638243
1336,0.4996053050139234
1337,0.49960435067569514
1338,0.4996033944478995
1339,0.4996024363267282
1340,0.4996014763083626
1341,0.4996005143889733
1342,0.49959955056472094
1343,0.4995985848317557
1344,0.49959761718621665
1345,0.49959664762423295
1346,0.499595676141923
1347,0.49959470273539447
1348,0.49959372740074415
1349,0.49959275013405835
1350,0.4995917709314126
1351,0.49959078978887145
1352,0.49958980670248876
1353,0.499588821668307
1354,0.49958783468235834
1355,0.4995868457406633
1356,0.4995858548392319
1357,0.4995848619740627
1358,0.499583867141143
1359,0.49958287033644916
1360,0.4995818715559462
1361,0.4995808707955879
1362,0.49957986805131627
1363,0.49957886331906254
1364,0.4995778565947461
1365,0.4995768478742748
1366,0.49957583715354537
1367,0.4995748244284422
1368,0.4995738096948386
1369,0.4995727929485962
1370,0.49957177418556464
1371,0.49957075340158175
1372,0.49956973059247345
1373,0.499568705754054
1374,0.4995676788821256
1375,0.49956664997247846
1376,0.4995656190208905
1377,0.4995645860231278
1378,0.49956355097494415
1379,0.4995625138720813
1380,0.49956147471026835
1381,0.4995604334852223
1382,0.499559390192648
1383,0.49955834482823747
1384,0.4995572973876704
1385,0.4995562478666138
1386,0.4995551962607224
1387,0.49955414256563835
1388,0.49955308677699023
1389,0.49955202889039485
1390,0.49955096890145595
1391,0.4995499068057639
1392,0.49954884259889665
1393,0.4995477762764191
1394,0.499546707833883
1395,0.4995456372668269
1396,0.4995445645707764
1397,0.49954348974124374
1398,0.49954241277372813
1399,0.4995413336637149
1400,0.49954025240667665
1401,0.49953916899807216
1402,0.4995380834333466
1403,0.4995369957079319
1404,0.4995359058172463
1405,0.49953481375669395
1406,0.4995337195216658
1407,0.49953262310753876
1408,0.49953152450967575
1409,0.49953042372342576
1410,0.4995293207441241
1411,0.4995282155670918
1412,0.4995271081876358
1413,0.49952599860104874
1414,0.49952488680260937
1415,0.49952377278758153
1416,0.49952265655121564
1417,0.49952153808874666
1418,0.49952041739539577
1419,0.4995192944663691
1420,0.49951816929685877
1421,0.4995170418820417
1422,0.49951591221708
1423,0.4995147802971216
1424,0.4995136461172989
1425,0.4995125096727294
1426,0.4995113709585164
1427,0.4995102299697468
1428,0.4995090867014933
1429,0.49950794114881314
1430,0.49950679330674863
1431,0.49950564317032575
1432,0.49950449073455605
1433,0.4995033359944352
1434,0.49950217894494325
1435,0.49950101958104504
1436,0.499499857897689
1437,0.4994986938898086
1438,0.4994975275523208
1439,0.499496358880127
1440,0.49949518786811276
1441,0.49949401451114717
1442,0.49949283880408357
1443,0.499491660741759
1444,0.49949048031899423
1445,0.4994892975305937
1446,0.4994881123713455
1447,0.499486924836021
1448,0.4994857349193753
1449,0.49948454261614694
1450,0.4994833479210576
1451,0.49948215082881203
1452,0.49948095133409837
1453,0.4994797494315877
1454,0.49947854511593426
1455,0.4994773383817753
1456,0.4994761292237305
1457,0.4994749176364025
1458,0.49947370361437693
1459,0.4994724871522218
1460,0.4994712682444876
1461,0.49947004688570723
1462,0.4994688230703963
1463,0.4994675967930524
1464,0.4994663680481555
1465,0.4994651368301678
1466,0.4994639031335334
1467,0.49946266695267827
1468,0.49946142828201073
1469,0.4994601871159205
1470,0.4994589434487794
1471,0.49945769727494027
1472,0.49945644858873844
1473,0.4994551973844903
1474,0.4994539436564932
1475,0.4994526873990266
1476,0.4994514286063508
1477,0.49945016727270725
1478,0.4994489033923185
1479,0.4994476369593884
1480,0.49944636796810127
1481,0.49944509641262236
1482,0.49944382228709805
1483,0.4994425455856547
1484,0.49944126630239993
1485,0.4994399844314212
1486,0.4994386999667867
1487,0.49943741290254506
1488,0.4994361232327249
1489,0.49943483095133484
1490,0.49943353605236385
1491,0.49943223852978064
1492,0.49943093837753394
1493,0.4994296355895519
1494,0.49942833015974275
1495,0.4994270220819939
1496,0.4994257113501727
1497,0.49942439795812577
1498,0.4994230818996786
1499,0.4994217631686363
1500,0.49942044175878314
1501,0.49941911766388214
1502,0.49941779087767546
1503,0.499416461393884
1504,0.4994151292062074
1505,0.49941379430832417
1506,0.4994124566938908
1507,0.4994111163565427
1508,0.49940977328989367
1509,0.4994084274875356
1510,0.49940707894303826
1511,0.49940572764995
1512,0.49940437360179685
1513,0.49940301679208265
1514,0.499401657214289
1515,0.4994002948618754
1516,0.49939892972827876
1517,0.49939756180691336
1518,0.4993961910911707
1519,0.49939481757442006
1520,0.4993934412500073
1521,0.49939206211125564
1522,0.4993906801514651
1523,0.49938929536391263
1524,0.49938790774185193
1525,0.49938651727851313
1526,0.499385123967103
1527,0.49938372780080487
1528,0.4993823287727783
1529,0.49938092687615865
1530,0.4993795221040581
1531,0.49937811444956426
1532,0.4993767039057408
1533,0.4993752904656271
1534,0.4993738741222382
1535,0.4993724548685649
1536,0.4993710326975732
1537,0.49936960760220417
1538,0.4993681795753747
1539,0.49936674860997643
1540,0.499365314698876
1541,0.4993638778349149
1542,0.4993624380109096
1543,0.4993609952196507
1544,0.49935954945390404
1545,0.4993581007064094
1546,0.49935664896988075
1547,0.4993551942370067
1548,0.49935373650044945
1549,0.4993522757528456
1550,0.4993508119868052
1551,0.49934934519491225
1552,0.4993478753697239
1553,0.4993464025037717
1554,0.4993449265895594
1555,0.49934344761956484
1556,0.4993419655862386
1557,0.4993404804820044
1558,0.4993389922992584
1559,0.4993375010303701
1560,0.49933600666768113
1561,0.4993345092035061
1562,0.4993330086301313
1563,0.49933150493981604
1564,0.499329998124791
1565,0.49932848817725944
1566,0.49932697508939616
1567,0.49932545885334756
1568,0.4993239394612322
1569,0.4993224169051394
1570,0.4993208911771303
1571,0.49931936226923723
1572,0.4993178301734633
1573,0.49931629488178286
1574,0.4993147563861409
1575,0.49931321467845335
1576,0.4993116697506062
1577,0.4993101215944563
1578,0.4993085702018306
1579,0.4993070155645263
1580,0.49930545767431045
1581,0.49930389652292
1582,0.4993023321020619
1583,0.4993007644034123
1584,0.4992991934186169
1585,0.499297619139291
1586,0.4992960415570188
1587,0.4992944606633537
1588,0.49929287644981774
1589,0.499291288907902
1590,0.499289698029066
1591,0.4992881038047378
1592,0.49928650622631393
1593,0.4992849052851587
1594,0.49928330097260487
1595,0.49928169327995275
1596,0.49928008219847075
1597,0.4992784677193945
1598,0.4992768498339273
1599,0.4992752285332397
1600,0.49927360380846936
1601,0.4992719756507211
1602,0.4992703440510664
1603,0.4992687090005433
1604,0.49926707049015684
1605,0.4992654285108781
1606,0.4992637830536445
1607,0.4992621341093595
1608,0.4992604816688925
1609,0.49925882572307856
1610,0.49925716626271877
1611,0.49925550327857904
1612,0.49925383676139123
1613,0.4992521667018517
1614,0.4992504930906224
1615,0.49924881591832987
1616,0.49924713517556496
1617,0.4992454508528835
1618,0.4992437629408055
1619,0.4992420714298149
1620,0.49924037631036006
1621,0.4992386775728529
1622,0.49923697520766924
1623,0.499235269205148
1624,0.4992335595555919
1625,0.4992318462492666
1626,0.49923012927640076
1627,0.4992284086271859
1628,0.4992266842917763
1629,0.49922495626028873
1630,0.499223224522802
1631,0.4992214890693576
1632,0.4992197498899583
1633,0.4992180069745694
1634,0.4992162603131172
1635,0.4992145098954899
1636,0.4992127557115368
1637,0.49921099775106814
1638,0.49920923600385547
1639,0.49920747045963076
1640,0.4992057011080865
1641,0.49920392793887564
1642,0.4992021509416116
1643,0.49920037010586743
1644,0.499198585421176
1645,0.4991967968770302
1646,0.4991950044628821
1647,0.49919320816814317
1648,0.49919140798218353
1649,0.4991896038943329
1650,0.4991877958938793
1651,0.4991859839700691
1652,0.49918416811210753
1653,0.4991823483091573
1654,0.4991805245503396
1655,0.49917869682473315
1656,0.49917686512137416
1657,0.49917502942925646
1658,0.4991731897373306
1659,0.4991713460345046
1660,0.49916949830964297
1661,0.4991676465515666
1662,0.49916579074905326
1663,0.49916393089083627
1664,0.49916206696560556
1665,0.49916019896200636
1666,0.49915832686863965
1667,0.49915645067406145
1668,0.49915457036678357
1669,0.49915268593527207
1670,0.4991507973679483
1671,0.4991489046531876
1672,0.49914700777932025
1673,0.4991451067346301
1674,0.49914320150735514
1675,0.4991412920856869
1676,0.4991393784577705
1677,0.49913746061170416
1678,0.4991355385355394
1679,0.4991336122172805
1680,0.4991316816448841
1681,0.4991297468062591
1682,0.49912780768926746
1683,0.4991258642817219
1684,0.4991239165713876
1685,0.4991219645459811
1686,0.49912000819317026
1687,0.4991180475005734
1688,0.49911608245576045
1689,0.49911411304625175
1690,0.4991121392595178
1691,0.49911016108297923
1692,0.4991081785040067
1693,0.4991061915099204
1694,0.4991042000879903
1695,0.49910220422543505
1696,0.49910020390942267
1697,0.4990981991270699
1698,0.4990961898654418
1699,0.4990941761115517
1700,0.4990921578523613
1701,0.4990901350747793
1702,0.4990881077656628
1703,0.49908607591181586
1704,0.49908403949998936
1705,0.4990819985168812
1706,0.4990799529491361
1707,0.4990779027833445
1708,0.4990758480060432
1709,0.499073788603715
1710,0.49907172456278814
1711,0.49906965586963586
1712,0.4990675825105769
1713,0.49906550447187453
1714,0.4990634217397367
1715,0.4990613343003156
1716,0.4990592421397074
1717,0.49905714524395206
1718,0.499055043599033
1719,0.4990529371908771
1720,0.499050826005354
1721,0.4990487100282762
1722,0.4990465892453984
1723,0.49904446364241767
1724,0.49904233320497327
1725,0.4990401979186455
1726,0.4990380577689565
1727,0.49903591274136916
1728,0.49903376282128775
1729,0.49903160799405666
1730,0.4990294482449603
1731,0.49902728355922393
1732,0.4990251139220116
1733,0.49902293931842734
1734,0.49902075973351434
1735,0.49901857515225445
1736,0.4990163855595682
1737,0.4990141909403144
1738,0.4990119912792898
1739,0.4990097865612292
1740,0.4990075767708044
1741,0.4990053618926246
1742,0.49900314191123607
1743,0.4990009168111211
1744,0.49899868657669877
1745,0.4989964511923235
1746,0.498994210642286
1747,0.4989919649108123
1748,0.49898971398206293
1749,0.4989874578401339
1750,0.4989851964690551
1751,0.4989829298527909
1752,0.4989806579752394
1753,0.49897838082023255
1754,0.4989760983715349
1755,0.49897381061284446
1756,0.49897151752779156
1757,0.498969219099939
1758,0.4989669153127815
1759,0.49896460614974525
1760,0.49896229159418826
1761,0.49895997162939876
1762,0.49895764623859645
1763,0.4989553154049312
1764,0.49895297911148256
1765,0.49895063734126016
1766,0.498948290077203
1767,0.4989459373021789
1768,0.4989435789989847
1769,0.4989412151503454
1770,0.4989388457389144
1771,0.4989364707472721
1772,0.4989340901579272
1773,0.498931703953315
1774,0.4989293121157972
1775,0.49892691462766237
1776,0.49892451147112504
1777,0.4989221026283249
1778,0.4989196880813278
1779,0.49891726781212375
1780,0.4989148418026278
1781,0.49891241003467945
1782,0.49890997249004154
1783,0.4989075291504008
1784,0.4989050799973672
1785,0.4989026250124736
1786,0.49890016417717514
1787,0.4988976974728492
1788,0.49889522488079474
1789,0.49889274638223224
1790,0.4988902619583033
1791,0.49888777159007003
1792,0.4988852752585148
1793,0.49888277294453975
1794,0.49888026462896695
1795,0.49887775029253717
1796,0.49887522991591005
1797,0.4988727034796637
1798,0.49887017096429453
1799,0.49886763235021586
1800,0.4988650876177587
1801,0.49886253674717085
1802,0.4988599797186166
1803,0.49885741651217586
1804,0.4988548471078451
1805,0.4988522714855351
1806,0.4988496896250719
1807,0.49884710150619627
1808,0.49884450710856254
1809,0.498841906411739
1810,0.4988392993952072
1811,0.4988366860383613
1812,0.4988340663205082
1813,0.4988314402208668
1814,0.4988288077185673
1815,0.4988261687926512
1816,0.49882352342207104
1817,0.4988208715856894
1818,0.49881821326227893
1819,0.49881554843052195
1820,0.49881287706900956
1821,0.49881019915624153
1822,0.49880751467062623
1823,0.4988048235904793
1824,0.4988021258940241
1825,0.4987994215593909
1826,0.4987967105646163
1827,0.4987939928876429
1828,0.49879126850631905
1829,0.4987885373983983
1830,0.4987857995415387
1831,0.4987830549133027
1832,0.49878030349115654
1833,0.4987775452524698
1834,0.49877478017451493
1835,0.4987720082344669
1836,0.4987692294094025
1837,0.49876644367630024
1838,0.49876365101203946
1839,0.4987608513934003
1840,0.49875804479706287
1841,0.498755231199607
1842,0.49875241057751163
1843,0.49874958290715443
1844,0.49874674816481135
1845,0.4987439063266559
1846,0.498741057368759
1847,0.49873820126708834
1848,0.4987353379975078
1849,0.49873246753577694
1850,0.4987295898575511
1851,0.4987267049383797
1852,0.49872381275370714
1853,0.49872091327887125
1854,0.49871800648910325
1855,0.49871509235952716
1856,0.49871217086515923
1857,0.4987092419809078
1858,0.4987063056815719
1859,0.49870336194184206
1860,0.49870041073629845
1861,0.49869745203941107
1862,0.49869448582553944
1863,0.4986915120689315
1864,0.49868853074372327
1865,0.49868554182393865
1866,0.49868254528348854
1867,0.4986795410961701
1868,0.4986765292356671
1869,0.49867350967554813
1870,0.4986704823892673
1871,0.4986674473501628
1872,0.49866440453145666
1873,0.49866135390625427
1874,0.4986582954475437
1875,0.4986552291281957
1876,0.4986521549209618
1877,0.49864907279847526
1878,0.49864598273324956
1879,0.49864288469767837
1880,0.4986397786640342
1881,0.49863666460446915
1882,0.49863354249101277
1883,0.49863041229557303
1884,0.4986272739899344
1885,0.4986241275457578
1886,0.4986209729345805
1887,0.4986178101278149
1888,0.498614639096748
1889,0.49861145981254124
1890,0.49860827224622917
1891,0.49860507636871965
1892,0.49860187215079277
1893,0.4985986595631002
1894,0.49859543857616484
1895,0.4985922091603804
1896,0.49858897128601004
1897,0.49858572492318654
1898,0.49858247004191114
1899,0.498579206612053
1900,0.49857593460334937
1901,0.4985726539854034
1902,0.49856936472768487
1903,0.4985660667995293
1904,0.4985627601701368
1905,0.49855944480857145
1906,0.4985561206837616
1907,0.49855278776449813
1908,0.4985494460194344
1909,0.4985460954170851
1910,0.49854273592582654
1911,0.4985393675138948
1912,0.4985359901493858
1913,0.4985326038002548
1914,0.4985292084343149
1915,0.4985258040192374
1916,0.49852239052255
1917,0.49851896791163725
1918,0.4985155361537392
1919,0.49851209521595086
1920,0.4985086450652213
1921,0.49850518566835356
1922,0.49850171699200324
1923,0.49849823900267826
1924,0.49849475166673796
1925,0.4984912549503928
1926,0.4984877488197028
1927,0.49848423324057795
1928,0.4984807081787761
1929,0.49847717359990396
1930,0.49847362946941487
1931,0.49847007575260877
1932,0.4984665124146315
1933,0.4984629394204737
1934,0.49845935673497077
1935,0.49845576432280114
1936,0.4984521621484864
1937,0.49844855017639006
1938,0.4984449283707173
1939,0.4984412966955134
1940,0.49843765511466376
1941,0.49843400359189294
1942,0.49843034209076353
1943,0.49842667057467577
1944,0.498422989006867
1945,0.4984192973504099
1946,0.498415595568213
1947,0.49841188362301897
1948,0.4984081614774042
1949,0.49840442909377797
1950,0.4984006864343816
1951,0.498396933461288
1952,0.49839317013639994
1953,0.4983893964214505
1954,0.4983856122780014
1955,0.4983818176674423
1956,0.49837801255099046
1957,0.4983741968896892
1958,0.4983703706444078
1959,0.49836653377584017
1960,0.49836268624450436
1961,0.4983588280107411
1962,0.4983549590347141
1963,0.4983510792764081
1964,0.49834718869562855
1965,0.4983432872520004
1966,0.49833937490496827
1967,0.49833545161379417
1968,0.49833151733755754
1969,0.4983275720351541
1970,0.49832361566529515
1971,0.49831964818650654
1972,0.4983156695571279
1973,0.49831167973531176
1974,0.4983076786790225
1975,0.4983036663460355
1976,0.49829964269393656
1977,0.4982956076801205
1978,0.49829156126179097
1979,0.49828750339595884
1980,0.4982834340394413
1981,0.4982793531488617
1982,0.4982752606806478
1983,0.4982711565910315
1984,0.49826704083604734
1985,0.49826291337153195
1986,0.49825877415312303
1987,0.49825462313625823
1988,0.49825046027617476
1989,0.4982462855279075
1990,0.4982420988462893
1991,0.4982379001859485
1992,0.49823368950130975
1993,0.4982294667465911
1994,0.4982252318758048
1995,0.4982209848427554
1996,0.49821672560103863
1997,0.49821245410404114
1998,0.49820817030493864
1999,0.49820387415669576
2000,0.49819956561206447
2001,0.49819524462358344
2002,0.4981909111435767
2003,0.4981865651241531
2004,0.49818220651720435
2005,0.4981778352744056
2006,0.49817345134721275
2007,0.4981690546868624
2008,0.49816464524437065
2009,0.4981602229705319
2010,0.49815578781591807
2011,0.49815133973087694
2012,0.4981468786655323
2013,0.49814240456978126
2014,0.4981379173932946
2015,0.4981334170855154
2016,0.4981289035956574
2017,0.4981243768727043
2018,0.4981198368654087
2019,0.49811528352229123
2020,0.49811071679163876
2021,0.4981061366215043
2022,0.498101542959705
2023,0.4980969357538216
2024,0.49809231495119716
2025,0.498087680498936
2026,0.49808303234390205
2027,0.4980783704327189
2028,0.49807369471176777
2029,0.4980690051271862
2030,0.4980643016248678
2031,0.49805958415046037
2032,0.4980548526493651
2033,0.49805010706673525
2034,0.4980453473474751
2035,0.49804057343623886
2036,0.49803578527742914
2037,0.4980309828151964
2038,0.4980261659934371
2039,0.4980213347557929
2040,0.49801648904564993
2041,0.49801162880613614
2042,0.49800675398012184
2043,0.49800186451021744
2044,0.4979969603387724
2045,0.4979920414078741
2046,0.497987107659347
2047,0.4979821590347508
2048,0.49797719547537966
2049,0.49797221692226046
2050,0.4979672233161524
2051,0.49796221459754453
2052,0.4979571907066561
2053,0.49795215158343387
2054,0.4979470971675515
2055,0.4979420273984081
2056,0.4979369422151275
2057,0.4979318415565561
2058,0.49792672536126215
2059,0.49792159356753446
2060,0.4979164461133807
2061,0.49791128293652664
2062,0.4979061039744147
2063,0.49790090916420215
2064,0.4978956984427603
2065,0.49789047174667356
2066,0.49788522901223703
2067,0.4978799701754558
2068,0.497874695172044
2069,0.4978694039374226
2070,0.4978640964067188
2071,0.49785877251476407
2072,0.49785343219609346
2073,0.49784807538494363
2074,0.49784270201525177
2075,0.4978373120206542
2076,0.49783190533448485
2077,0.49782648188977413
2078,0.4978210416192475
2079,0.4978155844553235
2080,0.4978101103301135
2081,0.49780461917541896
2082,0.497799110922731
2083,0.4977935855032284
2084,0.4977880428477769
2085,0.49778248288692656
2086,0.49777690555091153
2087,0.49777131076964787
2088,0.49776569847273255
2089,0.4977600685894415
2090,0.4977544210487286
2091,0.497748755779224
2092,0.49774307270923257
2093,0.4977373717667327
2094,0.4977316528793744
2095,0.4977259159744782
2096,0.4977201609790335
2097,0.4977143878196967
2098,0.49770859642279064
2099,0.49770278671430196
2100,0.4976969586198804
2101,0.49769111206483674
2102,0.4976852469741415
2103,0.49767936327242335
2104,0.4976734608839679
2105,0.4976675397327155
2106,0.4976615997422599
2107,0.4976556408358472
2108,0.49764966293637347
2109,0.49764366596638376
2110,0.4976376498480701
2111,0.4976316145032703
2112,0.4976255598534663
2113,0.4976194858197819
2114,0.4976133923229823
2115,0.4976072792834711
2116,0.49760114662128996
2117,0.4975949942561165
2118,0.4975888221072621
2119,0.4975826300936709
2120,0.4975764181339181
2121,0.4975701861462082
2122,0.4975639340483732
2123,0.4975576617578709
2124,0.4975513691917836
2125,0.4975450562668159
2126,0.49753872289929346
2127,0.49753236900516085
2128,0.49752599449998053
2129,0.4975195992989302
2130,0.49751318331680183
2131,0.49750674646799975
2132,0.49750028866653867
2133,0.4974938098260421
2134,0.4974873098597406
2135,0.49748078868047024
2136,0.4974742462006703
2137,0.49746768233238203
2138,0.49746109698724666
2139,0.4974544900765034
2140,0.4974478615109882
2141,0.4974412112011312
2142,0.4974345390569558
2143,0.4974278449880758
2144,0.49742112890369494
2145,0.4974143907126037
2146,0.49740763032317803
2147,0.4974008476433779
2148,0.4973940425807448
2149,0.49738721504240013
2150,0.49738036493504384
2151,0.4973734921649514
2152,0.497366596637973
2153,0.4973596782595314
2154,0.49735273693461957
2155,0.4973457725677992
2156,0.49733878506319906
2157,0.49733177432451203
2158,0.4973247402549945
2159,0.4973176827574637
2160,0.4973106017342957
2161,0.49730349708742366
2162,0.497296368718336
2163,0.4972892165280741
2164,0.49728204041723084
2165,0.49727484028594776
2166,0.49726761603391423
2167,0.4972603675603642
2168,0.4972530947640754
2169,0.4972457975433665
2170,0.4972384757960955
2171,0.4972311294196572
2172,0.49722375831098176
2173,0.49721636236653266
2174,0.497208941482304
2175,0.49720149555381915
2176,0.49719402447612804
2177,0.4971865281438058
2178,0.49717900645095015
2179,0.4971714592911795
2180,0.4971638865576309
2181,0.4971562881429574
2182,0.4971486639393271
2183,0.4971410138384199
2184,0.49713333773142554
2185,0.4971256355090421
2186,0.49711790706147346
2187,0.4971101522784268
2188,0.49710237104911104
2189,0.4970945632622341
2190,0.49708672880600147
2191,0.4970788675681129
2192,0.4970709794357615
2193,0.4970630642956305
2194,0.49705512203389146
2195,0.497047152536202
2196,0.49703915568770374
2197,0.49703113137301935
2198,0.4970230794762514
2199,0.49701499988097925
2200,0.4970068924702571
2201,0.4969987571266115
2202,0.4969905937320394
2203,0.4969824021680055
2204,0.4969741823154402
2205,0.49696593405473705
2206,0.4969576572657508
2207,0.4969493518277947
2208,0.4969410176196381
2209,0.49693265451950464
2210,0.496924262405069
2211,0.4969158411534555
2212,0.49690739064123507
2213,0.4968989107444229
2214,0.4968904013384766
2215,0.4968818622982929
2216,0.4968732934982059
2217,0.49686469481198464
2218,0.4968560661128299
2219,0.4968474072733732
2220,0.49683871816567227
2221,0.4968299986612107
2222,0.4968212486308943
2223,0.4968124679450485
2224,0.49680365647341646
2225,0.496794814085156
2226,0.49678594064883785
2227,0.49677703603244217
2228,0.49676810010335654
2229,0.49675913272837335
2230,0.4967501337736874
2231,0.49674110310489283
2232,0.4967320405869807
2233,0.49672294608433737
2234,0.4967138194607401
2235,0.49670466057935597
2236,0.49669546930273856
2237,0.49668624549282525
2238,0.49667698901093504
2239,0.49666769971776553
2240,0.4966583774733901
2241,0.4966490221372559
2242,0.4966396335681803
2243,0.49663021162434906
2244,0.4966207561633127
2245,0.49661126704198433
2246,0.4966017441166373
2247,0.49659218724290133
2248,0.496582596275761
2249,0.4965729710695518
2250,0.49656331147795846
2251,0.4965536173540112
2252,0.4965438885500837
2253,0.4965341249178899
2254,0.49652432630848076
2255,0.4965144925722426
2256,0.496504623558893
2257,0.49649471911747856
2258,0.4964847790963721
2259,0.4964748033432692
2260,0.4964647917051863
2261,0.49645474402845663
2262,0.4964446601587281
2263,0.4964345399409602
2264,0.4964243832194206
2265,0.49641418983768293
2266,0.4964039596386233
2267,0.4963936924644173
2268,0.49638338815653715
2269,0.49637304655574876
2270,0.4963626675021089
2271,0.4963522508349613
2272,0.49634179639293463
2273,0.4963313040139389
2274,0.4963207735351624
2275,0.49631020479306864
2276,0.49629959762339326
2277,0.4962889518611414
2278,0.49627826734058345
2279,0.49626754389525307
2280,0.4962567813579434
2281,0.4962459795607037
2282,0.4962351383348372
2283,0.49622425751089666
2284,0.49621333691868175
2285,0.49620237638723586
2286,0.49619137574484307
2287,0.49618033481902396
2288,0.4961692534365336
2289,0.4961581314233574
2290,0.496146968604708
2291,0.4961357648050223
2292,0.4961245198479575
2293,0.4961132335563885
2294,0.49610190575240387
2295,0.4960905362573032
2296,0.49607912489159284
2297,0.4960676714749833
2298,0.49605617582638545
2299,0.49604463776390734
2300,0.49603305710485
2301,0.49602143366570517
2302,0.49600976726215096
2303,0.49599805770904887
2304,0.4959863048204397
2305,0.4959745084095406
2306,0.49596266828874125
2307,0.49595078426960065
2308,0.4959388561628426
2309,0.4959268837783538
2310,0.4959148669251785
2311,0.4959028054115159
2312,0.4958906990447164
2313,0.4958785476312777
2314,0.49586635097684145
2315,0.49585410888618925
2316,0.49584182116323916
2317,0.49582948761104206
2318,0.4958171080317778
2319,0.49580468222675134
2320,0.4957922099963896
2321,0.4957796911402366
2322,0.4957671254569508
2323,0.4957545127443006
2324,0.49574185279916094
2325,0.495729145417509
2326,0.4957163903944206
2327,0.4957035875240665
2328,0.49569073659970847
2329,0.4956778374136948
2330,0.4956648897574573
2331,0.49565189342150684
2332,0.495638848195429
2333,0.4956257538678812
2334,0.4956126102265877
2335,0.4955994170583361
2336,0.4955861741489729
2337,0.49557288128340016
2338,0.4955595382455707
2339,0.4955461448184846
2340,0.4955327007841843
2341,0.495519205923752
2342,0.49550566001730356
2343,0.49549206284398595
2344,0.49547841418197264
2345,0.49546471380845847
2346,0.4954509614996571
2347,0.4954371570307957
2348,0.49542330017611075
2349,0.49540939070884416
2350,0.49539542840123885
2351,0.4953814130245344
2352,0.4953673443489629
2353,0.49535322214374433
2354,0.4953390461770826
2355,0.49532481621616076
2356,0.4953105320271371
2357,0.4952961933751404
2358,0.49528180002426553
2359,0.49526735173756936
2360,0.49525284827706556
2361,0.4952382894037213
2362,0.4952236748774514
2363,0.49520900445711485
2364,0.49519427790051007
2365,0.49517949496436986
2366,0.4951646554043577
2367,0.4951497589750621
2368,0.4951348054299929
2369,0.4951197945215762
2370,0.49510472600115013
2371,0.4950895996189596
2372,0.4950744151241522
2373,0.4950591722647728
2374,0.49504387078775997
2375,0.49502851043894014
2376,0.49501309096302315
2377,0.49499761210359794
2378,0.4949820736031275
2379,0.4949664752029438
2380,0.49495081664324314
2381,0.49493509766308164
2382,0.49491931800036976
2383,0.4949034773918681
2384,0.494887575573182
2385,0.49487161227875687
2386,0.4948555872418732
2387,0.49483950019464157
2388,0.49482335086799767
2389,0.4948071389916977
2390,0.4947908642943124
2391,0.4947745265032237
2392,0.49475812534461755
2393,0.4947416605434807
2394,0.49472513182359457
2395,0.494708538907531
2396,0.4946918815166459
2397,0.49467515937107565
2398,0.4946583721897303
2399,0.49464151969029013
2400,0.49462460158919946
2401,0.4946076176016613
2402,0.49459056744163266
2403,0.49457345082181925
2404,0.49455626745366993
2405,0.49453901704737213
2406,0.4945216993118454
2407,0.4945043139547375
2408,0.4944868606824179
2409,0.49446933919997316
2410,0.4944517492112016
2411,0.49443409041860764
2412,0.49441636252339616
2413,0.49439856522546816
2414,0.4943806982234139
2415,0.49436276121450917
2416,0.4943447538947083
2417,0.49432667595863944
2418,0.4943085270995994
2419,0.4942903070095475
2420,0.49427201537910037
2421,0.49425365189752657
2422,0.49423521625274097
2423,0.49421670813129903
2424,0.4941981272183915
2425,0.4941794731978393
2426,0.4941607457520863
2427,0.49414194456219596
2428,0.4941230693078442
2429,0.4941041196673142
2430,0.49408509531749073
2431,0.4940659959338547
2432,0.49404682119047755
2433,0.494027570760015
2434,0.49400824431370227
2435,0.49398884152134775
2436,0.49396936205132735
2437,0.49394980557057894
2438,0.49393017174459697
2439,0.493910460237426
2440,0.4938906707116556
2441,0.49387080282841445
2442,0.4938508562473639
2443,0.49383083062669386
2444,0.4938107256231149
2445,0.49379054089185415
2446,0.4937702760866488
2447,0.49374993085974045
2448,0.49372950486186884
2449,0.4937089977422671
2450,0.49368840914865497
2451,0.49366773872723313
2452,0.49364698612267766
2453,0.49362615097813434
2454,0.49360523293521197
2455,0.4935842316339776
2456,0.49356314671294976
2457,0.49354197780909337
2458,0.49352072455781293
2459,0.4934993865929481
2460,0.4934779635467661
2461,0.49345645504995705
2462,0.4934348607316278
2463,0.49341318021929603
2464,0.493391413138884
2465,0.4933695591147132
2466,0.49334761776949826
2467,0.4933255887243411
2468,0.493303471598725
2469,0.4932812660105087
2470,0.49325897157592036
2471,0.4932365879095521
2472,0.4932141146243538
2473,0.49319155133162745
2474,0.4931688976410209
2475,0.49314615316052246
2476,0.49312331749645455
2477,0.4931003902534681
2478,0.49307737103453675
2479,0.4930542594409511
2480,0.4930310550723121
2481,0.4930077575265267
2482,0.49298436639980003
2483,0.4929608812866313
2484,0.4929373017798072
2485,0.49291362747039613
2486,0.4928898579477424
2487,0.4928659927994604
2488,0.49284203161142937
2489,0.4928179739677866
2490,0.4927938194509226
2491,0.4927695676414745
2492,0.4927452181183213
2493,0.4927207704585774
2494,0.4926962242375869
2495,0.49267157902891856
2496,0.4926468344043591
2497,0.4926219899339084
2498,0.49259704518577335
2499,0.49257199972636256
2500,0.4925468531202801
2501,0.49252160493032104
2502,0.4924962547174645
2503,0.4924708020408691
2504,0.4924452464578669
2505,0.49241958752395787
2506,0.49239382479280497
2507,0.49236795781622755
2508,0.49234198614419705
2509,0.492315909324831
2510,0.49228972690438727
2511,0.4922634384272593
2512,0.49223704343597063
2513,0.4922105414711691
2514,0.49218393207162203
2515,0.49215721477421026
2516,0.49213038911392404
2517,0.4921034546238568
2518,0.4920764108351997
2519,0.4920492572772378
2520,0.4920219934773436
2521,0.49199461896097263
2522,0.49196713325165786
2523,0.49193953587100525
2524,0.4919118263386883
2525,0.49188400417244305
2526,0.49185606888806377
2527,0.4918280199993965
2528,0.49179985701833634
2529,0.49177157945482086
2530,0.4917431868168261
2531,0.49171467861036156
2532,0.49168605433946555
2533,0.49165731350620034
2534,0.4916284556106483
2535,0.4915994801509059
2536,0.49157038662308067
2537,0.4915411745212853
2538,0.49151184333763454
2539,0.49148239256223947
2540,0.4914528216832042
2541,0.49142313018662076
2542,0.49139331755656557
2543,0.4913633832750942
2544,0.49133332682223874
2545,0.4913031476760018
2546,0.49127284531235405
2547,0.49124241920522904
2548,0.49121186882652035
2549,0.4911811936460764
2550,0.49115039313169784
2551,0.4911194667491328
2552,0.491088413962074
2553,0.4910572342321539
2554,0.4910259270189426
2555,0.4909944917799428
2556,0.4909629279705875
2557,0.49093123504423597
2558,0.49089941245217006
2559,0.490867459643592
2560,0.49083537606561956
2561,0.4908031611632847
2562,0.49077081437952924
2563,0.4907383351552019
2564,0.49070572292905584
2565,0.4906729771377452
2566,0.49064009721582325
2567,0.4906070825957381
2568,0.49057393270783156
2569,0.49054064698033567
2570,0.49050722483937037
2571,0.490473665708941
2572,0.49043996901093645
2573,0.49040613416512574
2574,0.4903721605891569
2575,0.4903380476985546
2576,0.49030379490671777
2577,0.4902694016249176
2578,0.4902348672622962
2579,0.4902001912258646
2580,0.4901653729205009
2581,0.4901304117489481
2582,0.4900953071118142
2583,0.490060058407569
2584,0.49002466503254405
2585,0.4899891263809305
2586,0.4899534418447783
2587,0.48991761081399554
2588,0.4898816326763468
2589,0.4898455068174524
2590,0.4898092326207888
2591,0.48977280946768575
2592,0.4897362367373279
2593,0.4896995138067526
2594,0.48966264005085086
2595,0.48962561484236683
2596,0.4895884375518966
2597,0.4895511075478898
2598,0.4895136241966481
2599,0.4894759868623265
2600,0.48943819490693347
2601,0.48940024769033075
2602,0.4893621445702345
2603,0.4893238849022155
2604,0.48928546803970036
2605,0.48924689333397176
2606,0.4892081601341701
2607,0.4891692677872944
2608,0.4891302156382031
2609,0.4890910030296158
2610,0.4890516293021152
2611,0.48901209379414745
2612,0.48897239584202534
2613,0.4889325347799287
2614,0.48889250993990785
2615,0.48885232065188466
2616,0.4888119662436551
2617,0.48877144604089184
2618,0.4887307593671466
2619,0.4886899055438525
2620,0.48864888389032757
2621,0.4886076937237772
2622,0.48856633435929697
2623,0.48852480510987667
2624,0.4884831052864028
2625,0.48844123419766294
2626,0.4883991911503482
2627,0.4883569754490583
2628,0.488314586396305
2629,0.48827202329251607
2630,0.4882292854360393
2631,0.4881863721231477
2632,0.48814328264804346
2633,0.48810001630286276
2634,0.48805657237768085
2635,0.48801295016051677
2636,0.4879691489373388
2637,0.4879251679920698
2638,0.4878810066065927
2639,0.487836664060756
2640,0.48779213963238
2641,0.4877474325972625
2642,0.48770254222918497
2643,0.4876574677999195
2644,0.48761220857923443
2645,0.4875667638349017
2646,0.48752113283270365
2647,0.48747531483643985
2648,0.4874293091079348
2649,0.4873831149070447
2650,0.4873367314916657
2651,0.4872901581177414
2652,0.4872433940392705
2653,0.48719643850831584
2654,0.48714929077501173
2655,0.4871019500875734
2656,0.4870544156923051
2657,0.48700668683360915
2658,0.48695876275399574
2659,0.4869106426940908
2660,0.486862325892647
2661,0.48681381158655274
2662,0.4867650990108421
2663,0.48671618739870515
2664,0.48666707598149817
2665,0.4866177639887539
2666,0.4865682506481932
2667,0.4865185351857345
2668,0.48646861682550646
2669,0.48641849478985844
2670,0.48636816829937235
2671,0.48631763657287463
2672,0.48626689882744745
2673,0.4862159542784422
2674,0.48616480213949087
2675,0.48611344162251946
2676,0.4860618719377604
2677,0.4860100922937657
2678,0.4859581018974206
2679,0.48590589995395683
2680,0.4858534856669666
2681,0.48580085823841657
2682,0.48574801686866215
2683,0.4856949607564619
2684,0.4856416890989924
2685,0.485588201091863
2686,0.48553449592913145
2687,0.4854805728033189
2688,0.4854264309054257
2689,0.4853720694249476
2690,0.4853174875498915
2691,0.4852626844667923
2692,0.4852076593607294
2693,0.4851524114153434
2694,0.4850969398128534
2695,0.485041243734075
2696,0.484985322358437
2697,0.48492917486399967
2698,0.4848728004274736
2699,0.4848161982242374
2700,0.48475936742835596
2701,0.48470230721260127
2702,0.4846450167484695
2703,0.48458749520620176
2704,0.4845297417548034
2705,0.4844717555620643
2706,0.48441353579457913
2707,0.4843550816177675
2708,0.48429639219589515
2709,0.4842374666920951
2710,0.4841783042683887
2711,0.4841189040857077
2712,0.48405926530391585
2713,0.4839993870818311
2714,0.4839392685772481
2715,0.4838789089469614
2716,0.483818307346788
2717,0.48375746293158994
2718,0.48369637485529987
2719,0.4836350422709434
2720,0.4835734643306634
2721,0.4835116401857448
2722,0.48344956898663943
2723,0.48338724988299064
2724,0.48332468202365875
2725,0.4832618645567473
2726,0.4831987966296277
2727,0.48313547738896645
2728,0.483071905980751
2729,0.4830080815503176
2730,0.48294400324237646
2731,0.48287967020104094
2732,0.4828150815698544
2733,0.48275023649181814
2734,0.48268513410941966
2735,0.482619773564662
2736,0.4825541539990912
2737,0.4824882745538265
2738,0.4824221343695897
2739,0.48235573258673453
2740,0.4822890683452768
2741,0.4822221407849253
2742,0.48215494904511147
2743,0.4820874922650214
2744,0.48201976958362686
2745,0.481951780139716
2746,0.48188352307192656
2747,0.48181499751877693
2748,0.48174620261869977
2749,0.4816771375100739
2750,0.48160780133125747
2751,0.4815381932206218
2752,0.4814683123165852
2753,0.48139815775764666
2754,0.48132772868242
2755,0.4812570242296689
2756,0.4811860435383419
2757,0.48111478574760747
2758,0.4810432499968896
2759,0.4809714354259035
2760,0.48089934117469235
2761,0.4808269663836633
2762,0.4807543101936238
2763,0.4806813717458205
2764,0.48060815018197434
2765,0.48053464464431983
2766,0.48046085427564267
2767,0.48038677821931774
2768,0.48031241561934845
2769,0.48023776562040443
2770,0.4801628273678624
2771,0.48008760000784406
2772,0.4800120826872575
2773,0.47993627455383586
2774,0.4798601747561787
2775,0.4797837824437923
2776,0.4797070967671311
2777,0.47963011687763846
2778,0.4795528419277889
2779,0.4794752710711295
2780,0.4793974034623224
2781,0.4793192382571867
2782,0.47924077461274245
2783,0.4791620116872525
2784,0.47908294864026635
2785,0.4790035846326641
2786,0.4789239188266998
2787,0.4788439503860461
2788,0.4787636784758382
2789,0.47868310226271926
2790,0.47860222091488513
2791,0.4785210336021296
2792,0.47843953949589024
2793,0.47835773776929374
2794,0.4782756275972029
2795,0.47819320815626176
2796,0.47811047862494394
2797,0.47802743818359783
2798,0.4779440860144948
2799,0.47786042130187656
2800,0.4777764432320023
2801,0.4776921509931975
2802,0.4776075437759012
2803,0.47752262077271473
2804,0.4774373811784511
2805,0.4773518241901825
2806,0.4772659490072908
2807,0.477179754831516
2808,0.4770932408670069
2809,0.4770064063203691
2810,0.47691925040071714
2811,0.4768317723197234
2812,0.4767439712916694
2813,0.4766558465334957
2814,0.47656739726485364
2815,0.4764786227081558
2816,0.47638952208862795
2817,0.4763000946343597
2818,0.4762103395763573
2819,0.47612025614859477
2820,0.4760298435880662
2821,0.47593910113483795
2822,0.47584802803210147
2823,0.4757566235262253
2824,0.47566488686680874
2825,0.4755728173067333
2826,0.4754804141022176
2827,0.47538767651286995
2828,0.4752946038017407
2829,0.4752011952353776
2830,0.4751074500838782
2831,0.47501336762094415
2832,0.4749189471239352
2833,0.4748241878739231
2834,0.47472908915574613
2835,0.4746336502580628
2836,0.4745378704734068
2837,0.4744417490982419
2838,0.4743452854330151
2839,0.47424847878221305
2840,0.474151328454416
2841,0.4740538337623524
2842,0.4739559940229546
2843,0.4738578085574133
2844,0.4737592766912328
2845,0.47366039775428637
2846,0.4735611710808709
2847,0.4734615960097627
2848,0.47336167188427236
2849,0.47326139805230005
2850,0.47316077386639105
2851,0.473059798683791
2852,0.47295847186650086
2853,0.4728567927813332
2854,0.4727547607999664
2855,0.47265237529900017
2856,0.472549635660012
2857,0.4724465412696107
2858,0.47234309151949294
2859,0.472239285806498
2860,0.4721351235326626
2861,0.4720306041052764
2862,0.4719257269369375
2863,0.47182049144560556
2864,0.47171489705465897
2865,0.4716089431929482
2866,0.4715026292948509
2867,0.47139595480032626
2868,0.4712889191549702
2869,0.47118152181006856
2870,0.47107376222265235
2871,0.47096563985555145
2872,0.47085715417744867
2873,0.47074830466293305
2874,0.4706390907925547
2875,0.47052951205287663
2876,0.4704195679365295
2877,0.4703092579422641
2878,0.47019858157500405
2879,0.4700875383458988
2880,0.4699761277723765
2881,0.46986434937819566
2882,0.4697522026934974
2883,0.4696396872548575
2884,0.4695268026053374
2885,0.46941354829453663
2886,0.4692999238786425
2887,0.46918592892048183
2888,0.4690715629895712
2889,0.46895682566216684
2890,0.46884171652131545
2891,0.46872623515690215
2892,0.46861038116570186
2893,0.46849415415142637
2894,0.46837755372477413
2895,0.4682605795034782
2896,0.46814323111235395
2897,0.46802550818334665
2898,0.46790741035557937
2899,0.4677889372753982
2900,0.46767008859642073
2901,0.46755086397958023
2902,0.4674312630931719
2903,0.4673112856128988
2904,0.4671909312219151
2905,0.4670701996108718
2906,0.4669490904779595
2907,0.46682760352895225
2908,0.4667057384772509
2909,0.4665834950439247
2910,0.46646087295775396
2911,0.4663378719552709
2912,0.46621449178080154
2913,0.46609073218650465
2914,0.4659665929324137
2915,0.4658420737864743
2916,0.4657171745245843
2917,0.4655918949306317
2918,0.4654662347965323
2919,0.4653401939222668
2920,0.46521377211591786
2921,0.46508696919370573
2922,0.4649597849800239
2923,0.4648322193074734
2924,0.4647042720168979
2925,0.464575942957416
2926,0.46444723198645566
2927,0.4643181389697856
2928,0.4641886637815469
2929,0.4640588063042843
2930,0.4639285664289764
2931,0.46379794405506586
2932,0.4636669390904874
2933,0.4635355514516966
2934,0.4634037810636978
2935,0.4632716278600703
2936,0.46313909178299517
2937,0.46300617278328016
2938,0.4628728708203852
2939,0.462739185862445
2940,0.4626051178862938
2941,0.46247066687748684
2942,0.4623358328303223
2943,0.4622006157478629
2944,0.46206501564195485
2945,0.4619290325332482
2946,0.4617926664512151
2947,0.4616559174341679
2948,0.46151878552927517
2949,0.46138127079257957
2950,0.4612433732890112
2951,0.4611050930924042
2952,0.46096643028550877
2953,0.4608273849600051
2954,0.4606879572165147
2955,0.46054814716461245
2956,0.4604079549228362
2957,0.4602673806186963
2958,0.4601264243886849
2959,0.45998508637828284
2960,0.459843366741967
2961,0.45970126564321656
2962,0.45955878325451693
2963,0.45941591975736573
2964,0.459272675342275
2965,0.4591290502087735
2966,0.458985044565409
2967,0.4588406586297482
2968,0.4586958926283772
2969,0.45855074679689933
2970,0.4584052213799344
2971,0.45825931663111413
2972,0.45811303281307975
2973,0.4579663701974756
2974,0.4578193290649446
2975,0.45767190970512117
2976,0.45752411241662305
2977,0.45737593750704364
2978,0.4572273852929415
2979,0.4570784560998308
2980,0.4569291502621693
2981,0.45677946812334635
2982,0.4566294100356698
2983,0.456478976360351
2984,0.4563281674674906
2985,0.4561769837360618
2986,0.4560254255538939
2987,0.4558734933176539
2988,0.4557211874328273
2989,0.45556850831369944
2990,0.4554154563833332
2991,0.45526203207354876
2992,0.45510823582489934
2993,0.4549540680866493
2994,0.4547995293167479
2995,0.4546446199818056
2996,0.45448934055706625
2997,0.4543336915263805
2998,0.4541776733821772
2999,0.45402128662543445
3000,0.45386453176564945
3001,0.4537074093208076
3002,0.4535499198173504
3003,0.45339206379014274
3004,0.45323384178243886
3005,0.45307525434584844
3006,0.4529163020403004
3007,0.4527569854340067
3008,0.45259730510342505
3009,0.4524372616332207
3010,0.45227685561622744
3011,0.4521160876534076
3012,0.45195495835381094
3013,0.4517934683345337
3014,0.45163161822067543
3015,0.45146940864529583
3016,0.4513068402493706
3017,0.45114391368174617
3018,0.450980629599094
3019,0.4508169886658643
3020,0.4506529915542372
3021,0.4504886389440761
3022,0.4503239315228771
3023,0.45015886998572013
3024,0.4499934550352175
3025,0.44982768738146317
3026,0.4496615677419792
3027,0.44949509684166467
3028,0.44932827541274023
3029,0.44916110419469424
3030,0.44899358393422767
3031,0.448825715385198
3032,0.4486574993085623
3033,0.44848893647232035
3034,0.4483200276514562
3035,0.44815077362787936
3036,0.44798117519036557
3037,0.4478112331344969
3038,0.4476409482626003
3039,0.4474703213836869
3040,0.44729935331338944
3041,0.4471280448739
3042,0.4469563968939066
3043,0.4467844102085289
3044,0.4466120856592548
3045,0.4464394240938735
3046,0.4462664263664122
3047,0.44609309333706826
3048,0.44591942587214256
3049,0.44574542484397317
3050,0.4455710911308667
3051,0.44539642561702997
3052,0.44522142919250185
3053,0.4450461027530832
3054,0.4448704472002677
3055,0.4446944634411709
3056,0.4445181523884601
3057,0.44434151496028285
3058,0.44416455208019545
3059,0.4439872646770906
3060,0.443809653685126
3061,0.4436317200436496
3062,0.4434534646971282
3063,0.443274888595073
3064,0.4430959926919658
3065,0.44291677794718437
3066,0.4427372453249282
3067,0.44255739579414316
3068,0.442377230328446
3069,0.4421967499060496
3070,0.44201595550968636
3071,0.4418348481265313
3072,0.4416534287481269
3073,0.4414716983703059
3074,0.4412896579931134
3075,0.4411073086207308
3076,0.4409246512613978
3077,0.4407416869273343
3078,0.4405584166346631
3079,0.44037484140333133
3080,0.4401909622570326
3081,0.44000678022312745
3082,0.4398222963325664
3083,0.43963751161980924
3084,0.439452427122747
3085,0.43926704388262283
3086,0.43908136294395284
3087,0.4388953853544455
3088,0.4387091121649239
3089,0.43852254442924493
3090,0.4383356832042197
3091,0.43814852954953387
3092,0.4379610845276677
3093,0.4377733492038163
3094,0.43758532464580885
3095,0.43739701192402924
3096,0.4372084121113356
3097,0.4370195262829796
3098,0.43683035551652716
3099,0.43664090089177704
3100,0.43645116349068075
3101,0.4362611443972634
3102,0.4360708446975408
3103,0.4358802654794416
3104,0.4356894078327252
3105,0.4354982728489017
3106,0.43530686162115173
3107,0.43511517524424526
3108,0.43492321481446217
3109,0.43473098142951067
3110,0.4345384761884475
3111,0.43434570019159713
3112,0.4341526545404717
3113,0.43395934033768946
3114,0.43376575868689626
3115,0.4335719106926824
3116,0.43337779746050537
3117,0.43318342009660615
3118,0.4329887797079311
3119,0.4327938774020506
3120,0.43259871428707886
3121,0.43240329147159295
3122,0.43220761006455266
3123,0.43201167117522066
3124,0.4318154759130811
3125,0.4316190253877592
3126,0.4314223207089413
3127,0.43122536298629394
3128,0.43102815332938327
3129,0.4308306928475947
3130,0.4306329826500517
3131,0.43043502384553556
3132,0.43023681754240456
3133,0.43003836484851277
3134,0.42983966687112984
3135,0.42964072471685905
3136,0.4294415394915567
3137,0.42924211230025094
3138,0.4290424442470605
3139,0.4288425364351128
3140,0.4286423899664626
3141,0.4284420059420103
3142,0.4282413854614199
3143,0.42804052962303696
3144,0.4278394395238062
3145,0.42763811625918885
3146,0.42743656092308024
3147,0.42723477460772685
3148,0.42703275840364235
3149,0.42683051339952466
3150,0.4266280406821724
3151,0.42642534133640003
3152,0.42622241644495384
3153,0.4260192670884272
3154,0.425815894345175
3155,0.42561229929122857
3156,0.4254084830002093
3157,0.4252044465432423
3158,0.42500019098887
3159,0.42479571740296396
3160,0.42459102684863753
3161,0.4243861203861577
3162,0.42418099907285556
3163,0.42397566396303743
3164,0.42377011610789395
3165,0.42356435655541025
3166,0.4233583863502741
3167,0.4231522065337834
3168,0.422945818143754
3169,0.4227392222144263
3170,0.42253241977637007
3171,0.4223254118563896
3172,0.42211819947742896
3173,0.4219107836584729
3174,0.421703165414451
3175,0.4214953457561379
3176,0.42128732569005456
3177,0.4210791062183662
3178,0.4208706883387824
3179,0.42066207304445224
3180,0.4204532613238625
3181,0.42024425416073086
3182,0.4200350525339001
3183,0.4198256574172321
3184,0.41961606977949584
3185,0.41940629058426115
3186,0.41919632078978397
3187,0.4189861613488955
3188,0.418775813208887
3189,0.41856527731139426
3190,0.41835455459228055
3191,0.4181436459815172
3192,0.41793255240306293
3193,0.4177212747747432
3194,0.41750981400812387
3195,0.4172981710083871
3196,0.4170863466742039
3197,0.41687434189760364
3198,0.41666215756384406
3199,0.41644979455127645
3200,0.4162372537312118
3201,0.4160245359677829
3202,0.41581164211780375
3203,0.4155985730306296
3204,0.4153853295480112
3205,0.4151719125039503
3206,0.41495832272454886
3207,0.4147445610278594
3208,0.414530628223731
3209,0.41431652511365313
3210,0.4141022524905963
3211,0.41388781113885154
3212,0.41367320183386497
3213,0.4134584253420718
3214,0.4132434824207257
3215,0.4130283738177265
3216,0.412813100271443
3217,0.4125976625105351
3218,0.41238206125377136
3219,0.4121662972098433
3220,0.41195037107717647
3221,0.41173428354373826
3222,0.41151803528684305
3223,0.41130162697295136
3224,0.41108505925746897
3225,0.41086833278453844
3226,0.41065144818683025
3227,0.4104344060853272
3228,0.41021720708910725
3229,0.40999985179512066
3230,0.40978234078796305
3231,0.4095646746396463
3232,0.4093468539093615
3233,0.4091288791432407
3234,0.40891075087411266
3235,0.40869246962125405
3236,0.4084740358901361
3237,0.4082554501721668
3238,0.4080367129444271
3239,0.40781782466940325
3240,0.4075987857947134
3241,0.4073795967528294
3242,0.4071602579607918
3243,0.40694076981992167
3244,0.40672113271552535
3245,0.4065013470165928
3246,0.4062814130754928
3247,0.4060613312276593
3248,0.40584110179127286
3249,0.40562072506693625
3250,0.4054002013373439
3251,0.40517953086694314
3252,0.40495871390159166
3253,0.40473775066820517
3254,0.4045166413744006
3255,0.4042953862081313
3256,0.4040739853373149
3257,0.40385243890945444
3258,0.40363074705125157
3259,0.40340890986821243
3260,0.4031869274442453
3261,0.4029647998412518
3262,0.4027425270987075
3263,0.40252010923323667
3264,0.4022975462381778
3265,0.40207483808313893
3266,0.4018519847135481
3267,0.4016289860501903
3268,0.40140584198873835
3269,0.40118255239927375
3270,0.40095911712579735
3271,0.40073553598573186
3272,0.400511808769412
3273,0.4002879352395673
3274,0.40006391513079287
3275,0.3998397481490104
3276,0.3996154339709177
3277,0.39939097224342857
3278,0.39916636258310034
3279,0.39894160457555106
3280,0.39871669777486374
3281,0.3984916417029801
3282,0.3982664358490819
3283,0.3980410796689593
3284,0.3978155725843675
3285,0.39758991398237054
3286,0.39736410321467086
3287,0.397138139596927
3288,0.3969120224080571
3289,0.39668575088952873
3290,0.3964593242446336
3291,0.39623274163774946
3292,0.3960060021935861
3293,0.3957791049964171
3294,0.3955520490892951
3295,0.3953248334732533
3296,0.3950974571064888
3297,0.3948699189035323
3298,0.3946422177343987
3299,0.3944143524237229
3300,0.39418632174987667
3301,0.39395812444406986
3302,0.39372975918943104
3303,0.39350122462007386
3304,0.39327251932014035
3305,0.3930436418228289
3306,0.3928145906094007
3307,0.3925853641081676
3308,0.3923559606934597
3309,0.3921263786845723
3310,0.39189661634469175
3311,0.39166667187980136
3312,0.3914365434375643
3313,0.3912062291061847
3314,0.3909757269132469
3315,0.39074503482453227
3316,0.3905141507428102
3317,0.39028307250660943
3318,0.39005179788896205
3319,0.38982032459612354
3320,0.389588650266269
3321,0.3893567724681632
3322,0.3891246886998042
3323,0.38889239638704143
3324,0.3886598928821673
3325,0.3884271754624797
3326,0.3881942413288193
3327,0.3879610876040769
3328,0.38772771133167205
3329,0.3874941094740045
3330,0.3872602789108729
3331,0.38702621643786705
3332,0.3867919187647267
3333,0.38655738251367
3334,0.3863226042176922
3335,0.3860875803188297
3336,0.38585230716639385
3337,0.3856167810151705
3338,0.38538099802358694
3339,0.38514495425184386
3340,0.3849086456600156
3341,0.3846720681061123
3342,0.38443521734410857
3343,0.3841980890219376
3344,0.3839606786794462
3345,0.3837229817463167
3346,0.3834849935399496
3347,0.3832467092633093
3348,0.38300812400273326
3349,0.38276923272570185
3350,0.3825300302785697
3351,0.3822905113842602
3352,0.3820506706399178
3353,0.3818105025145234
3354,0.38157000134646935
3355,0.3813291613410934
3356,0.3810879765681746
3357,0.38084644095938663
3358,0.3806045483057118
3359,0.38036229225481444
3360,0.38011966630837235
3361,0.37987666381936847
3362,0.37963327798934143
3363,0.3793895018655938
3364,0.379145328338362
3365,0.37890075013794333
3366,0.3786557598317818
3367,0.37841034982151645
3368,0.3781645123399864
3369,0.37791823944819736
3370,0.37767152303224805
3371,0.3774243548002186
3372,0.3771767262790177
3373,0.3769286288111948
3374,0.37668005355171297
3375,0.3764309914646843
3376,0.3761814333200713
3377,0.375931369690352
3378,0.3756807909471499
3379,0.3754296872578332
3380,0.3751780485820797
3381,0.37492586466841143
3382,0.37467312505070105
3383,0.3744198190446488
3384,0.3741659357442328
3385,0.37391146401813546
3386,0.37365639250614685
3387,0.3734007096155447
3388,0.3731444035174578
3389,0.372887462143211
3390,0.3726298731806541
3391,0.3723716240704805
3392,0.3721127020025339
3393,0.37185309391210797
3394,0.37159278647624105
3395,0.37133176611000995
3396,0.3710700189628232
3397,0.3708075309147195
3398,0.37054428757267344
3399,0.37028027426691257
3400,0.3700154760472469
3401,0.36974987767942036
3402,0.3694834636414792
3403,0.36921621812017
3404,0.36894812500736573
3405,0.36867916789652644
3406,0.3684093300791967
3407,0.36813859454154774
3408,0.36786694396096553
3409,0.3675943607026895
3410,0.36732082681650924
3411,0.3670463240335214
3412,0.36677083376295105
3413,0.3664943370890461
3414,0.36621681476804513
3415,0.3659382472252254
3416,0.3656586145520385
3417,0.36537789650333263
3418,0.36509607249467263
3419,0.36481312159975854
3420,0.3645290225479486
3421,0.3642437537218933
3422,0.3639572931552809
3423,0.3636696185307031
3424,0.3633807071776429
3425,0.36309053607059005
3426,0.3627990818272865
3427,0.36250632070710764
3428,0.36221222860958113
3429,0.3619167810730483
3430,0.361619953273469
3431,0.3613217200233755
3432,0.36102205577097446
3433,0.36072093459940213
3434,0.3604183302261318
3435,0.3601142160025368
3436,0.3598085649136092
3437,0.3595013495778325
3438,0.35919254224721303
3439,0.35888211480746346
3440,0.35857003877834315
3441,0.3582562853141485
3442,0.35794082520435566
3443,0.3576236288744099
3444,0.3573046663866607
3445,0.35698390744143604
3446,0.3566613213782548
3447,0.35633687717717233
3448,0.35601054346024974
3449,0.3556822884931478
3450,0.3553520801868332
3451,0.3550198860993959
3452,0.354685673437966
3453,0.35434940906072554
3454,0.3540110594790081
3455,0.35367059085947494
3456,0.3533279690263644
3457,0.3529831594638009
3458,0.3526361273181609
3459,0.3522868374004814
3460,0.35193525418890825
3461,0.35158134183117207
3462,0.351225064147085
3463,0.35086638463105124
3464,0.3505052664545823
3465,0.35014167246881245
3466,0.3497755652070039
3467,0.34940690688704057
3468,0.34903565941390036
3469,0.34866178438210693
3470,0.34828524307815145
3471,0.3479059964828861
3472,0.3475240052738865
3473,0.3471392298277811
3474,0.346751630222549
3475,0.34636116623978963
3476,0.3459677973669641
3477,0.3455714827996146
3478,0.3451721814435674
3479,0.3447698519171257
3480,0.3443644525532618
3481,0.3439559414018166
3482,0.3435442762317208
3483,0.34312941453324625
3484,0.34271131352030665
3485,0.34228993013281733
3486,0.3418652210391359
3487,0.3414371426385996
3488,0.3410056510641778
3489,0.34057070218526286
3490,0.34013225161061833
3491,0.33969025469151026
3492,0.33924466652504176
3493,0.3387954419577185
3494,0.33834253558926974
3495,0.3378859017767507
3496,0.3374254946389533
3497,0.3369612680611528
3498,0.33649317570021786
3499,0.3360211709901137
3500,0.335545207147823
3501,0.3350652371797176
3502,0.334581213888406
3503,0.33409308988008635
3504,0.33360081757243315
3505,0.3331043492030451
3506,0.3326036368384824
3507,0.33209863238391857
3508,0.3315892875934362
3509,0.3310755540809888
3510,0.3305573833320582
3511,0.33003472671602613
3512,0.32950753549928874
3513,0.3289757608591335
3514,0.3284393538983996
3515,0.3278982656609446
3516,0.32735244714793277
3517,0.32680184933496775
3518,0.32624642319008146
3519,0.3256861196925992
3520,0.3251208898528914
3521,0.32455068473302784
3522,0.32397545546834433
3523,0.3233951532899315
3524,0.32280972954805676
3525,0.32221913573652305
3526,0.3216233235179737
3527,0.3210222447501452
3528,0.3204158515130723
3529,0.31980409613724503
3530,0.31918693123271774
3531,0.3185643097191698
3532,0.3179361848569121
3533,0.3173025102788355
3534,0.31666324002329427
3535,0.31601832856791656
3536,0.3153677308643291
3537,0.31471140237379064
3538,0.31404929910371104
3539,0.31338137764505214
3540,0.3127075952105842
3541,0.31202790967398286
3542,0.31134227960974853
3543,0.31065066433392197
3544,0.309953023945574
3545,0.30924931936904354
3546,0.3085395123968972
3547,0.3078235657335788
3548,0.30710144303971765
3549,0.3063731089770664
3550,0.3056385292540277
3551,0.3048976706717351
3552,0.3041505011706497
3553,0.3033969898776312
3554,0.3026371071534401
3555,0.30187082464062437
3556,0.3010981153117477
3557,0.3003189535179063
3558,0.2995333150374852
3559,0.2987411771251015
3560,0.29794251856067744
3561,0.29713731969858914
3562,0.2963255625168293
3563,0.29550723066612417
3564,0.2946823095189421
3565,0.2938507862183284
3566,0.2930126497264987
3567,0.29216789087312434
3568,0.2913165024032365
3569,0.29045847902467925
3570,0.2895938174550369
3571,0.2887225164679581
3572,0.287844576938802
3573,0.2869600018895272
3574,0.286068796532741
3575,0.28517096831483135
3576,0.28426652695809557
3577,0.28335548450178427
3578,0.2824378553419745
3579,0.2815136562701876
3580,0.28058290651066503
3581,0.2796456277562168
3582,0.2787018442025533
3583,0.2777515825810165
3584,0.2767948721896215
3585,0.2758317449223219
3586,0.2748622352964141
3587,0.2738863804779945
3588,0.27290422030538225
3589,0.2719157973104295
3590,0.27092115673763273
3591,0.26992034656096653
3592,0.2689134174983593
3593,0.2679004230237397
3594,0.2668814193765724
3595,0.2658564655688196
3596,0.26482562338925364
3597,0.26378895740506103
3598,0.2627465349606719
3599,0.261698426173762
3600,0.26064470392836925
3601,0.25958544386507787
3602,0.2585207243682281
3603,0.25745062655010525
3604,0.25637523423208036
3605,0.2552946339226708
3606,0.25420891479249663
3607,0.25311816864611436
3608,0.25202248989072207
3609,0.25092197550172224
3610,0.2498167249851507
3611,0.24870684033697776
3612,0.24759242599929104
3613,0.2464735888133912
3614,0.2453504379698185
3615,0.24422308495535505
3616,0.24309164349703805
3617,0.24195622950323936
3618,0.24081696100186462
3619,0.23967395807573902
3620,0.23852734279524807
3621,0.237377239148316
3622,0.23622377296780128
3623,0.23506707185640763
3624,0.2339072651092034
3625,0.23274448363385983
3626,0.23157885986871635
3627,0.23041052769878953
3628,0.22923962236985274
3629,0.2280662804007122
3630,0.22689063949381427
3631,0.2257128384443196
3632,0.2245330170477936
3633,0.2233513160066528
3634,0.22216787683552203
3635,0.22098284176565397
3636,0.21979635364856928
3637,0.21860855585907357
3638,0.2174195921978137
3639,0.21622960679353243
3640,0.21503874400518716
3641,0.21384714832409227
3642,0.21265496427624841
3643,0.21146233632502248
3644,0.21026940877433514
3645,0.20907632567251738
3646,0.2078832307169909
3647,0.2066902671599287
3648,0.205497577715042
3649,0.20430530446564546
3650,0.20311358877414004
3651,0.20192257119305337
3652,0.20073239137777138
3653,0.19954318800108856
3654,0.19835509866970014
3655,0.19716825984275124
3656,0.19598280675255866
3657,0.19479887332760032
3658,0.19361659211787713
3659,0.19243609422273567
3660,0.1912575092212305
3661,0.19008096510510786
3662,0.18890658821447442
3663,0.18773450317621432
3664,0.18656483284520486
3665,0.1853976982483811
3666,0.18423321853168156
3667,0.18307151090990917
3668,0.18191269061953136
3669,0.18075687087443015
3670,0.1796041628246156
3671,0.17845467551789967
3672,0.17730851586453072
3673,0.17616578860476723
3674,0.17502659627938166
3675,0.17389103920306287
3676,0.17275921544068784
3677,0.1716312207864268
3678,0.17050714874563794
3679,0.16938709051950665
3680,0.16827113499237428
3681,0.1671593687217018
3682,0.16605187593060794
3683,0.16494873850291564
3684,0.1638500359806393
3685,0.16275584556384276
3686,0.16166624211279224
3687,0.1605812981523294
3688,0.15950108387838494
3689,0.15842566716655104
3690,0.15735511358263612
3691,0.15628948639510942
3692,0.15522884658936115
3693,0.15417325288368655
3694,0.1531227617469133
3695,0.1520774274175846
3696,0.15103730192461315
3697,0.15000243510932526
3698,0.14897287464880574
3699,0.1479486660804653
3700,0.14692985282774765
3701,0.14591647622689372
3702,0.1449085755546884
3703,0.14390618805710567
3704,0.14290934897878627
3705,0.14191809159326282
3706,0.14093244723387008
3707,0.13995244532526557
3708,0.1389781134154937
3709,0.13800947720853085
3710,0.13704656059724302
3711,0.1360893856967027
3712,0.13513797287779988
3713,0.1341923408010953
3714,0.13325250645086223
3715,0.13231848516926376
3716,0.13139029069061994
3717,0.13046793517571667
3718,0.1295514292461125
3719,0.12864078201840407
3720,0.12773600113840905
3721,0.1268370928152303
3722,0.1259440618551682
3723,0.12505691169544697
3724,0.12417564443772597
3725,0.12330026088136833
3726,0.12243076055643985
3727,0.12156714175641262
3728,0.12070940157055807
3729,0.11985753591599921
3730,0.11901153956941021
3731,0.11817140619834547
3732,0.1173371283921815
3733,0.11650869769265687
3734,0.11568610462400272
3735,0.1148693387226457
3736,0.11405838856648039
3737,0.11325324180369986
3738,0.11245388518117548
3739,0.11166030457238504
3740,0.11087248500487817
3741,0.11009041068727982
3742,0.10931406503582683
3743,0.10854343070043357
3744,0.10777848959029017
3745,0.10701922289898697
3746,0.10626561112916955
3747,0.10551763411672256
3748,0.10477527105448473
3749,0.10403850051549743
3750,0.1033073004757871
3751,0.10258164833668595
3752,0.10186152094669552
3753,0.10114689462289202
3754,0.10043774517188286
3755,0.0997340479103163
3756,0.09903577768494609
3757,0.09834290889226156
3758,0.09765541549768283
3759,0.09697327105433076
3760,0.09629644872137291
3761,0.09562492128195374
3762,0.09495866116071458
3763,0.09429764044090783
3764,0.09364183088111235
3765,0.09299120393155488
3766,0.09234573075004576
3767,0.09170538221753059
3768,0.09107012895326977
3769,0.0904399413296463
3770,0.08981478948661165
3771,0.08919464334577418
3772,0.08857947262413635
3773,0.0879692468474875
3774,0.08736393536345616
3775,0.08676350735423047
3776,0.08616793184895093
3777,0.08557717773578163
3778,0.0849912137736652
3779,0.08441000860376999
3780,0.08383353076063049
3781,0.08326174868299067
3782,0.08269463072435437
3783,0.08213214516324768
3784,0.08157426021319922
3785,0.08102094403244428
3786,0.0804721647333572
3787,0.07992789039161713
3788,0.07938808905511369
3789,0.07885272875259616
3790,0.07832177750207109
3791,0.07779520331895531
3792,0.07727297422398635
3793,0.07675505825089726
3794,0.07624142345385969
3795,0.0757320379146999
3796,0.07522686974989223
3797,0.07472588711733481
3798,0.07422905822291165
3799,0.07373635132684594
3800,0.07324773474984804
3801,0.07276317687906368
3802,0.07228264617382485
3803,0.07180611117120934
3804,0.07133354049141208
3805,0.07086490284293022
3806,0.07040016702757218
3807,0.06993930194528557
3808,0.06948227659881565
3809,0.06902906009819339
3810,0.06857962166505983
3811,0.06813393063682685
3812,0.0676919564706816
3813,0.06725366874743641
3814,0.06681903717522651
3815,0.0663880315930612
3816,0.06596062197423114
3817,0.06553677842957345
3818,0.06511647121059985
3819,0.06469967071249129
3820,0.06428634747695872
3821,0.06387647219497895
3822,0.06347001570940233
3823,0.0630669490174405
3824,0.06266724327303289
3825,0.062270869789099084
3826,0.06187780003967594
3827,0.061488005661945136
3828,0.06110145845815171
3829,0.060718130397418635
3830,0.060337993617458355
3831,0.059961020426184175
3832,0.0595871833032241
3833,0.05921645490134127
3834,0.05884880804776004
3835,0.05848421574540397
3836,0.0581226511740453
3837,0.057764087691369786
3838,0.057408498833958516
3839,0.057055858318189476
3840,0.056706140041060143
3841,0.05635931808093538
3842,0.056015366698219646
3843,0.05567426033595872
3844,0.055335973620370835
3845,0.05500048136131097
3846,0.054667758552668234
3847,0.05433778037270041
3848,0.054010522184306485
3849,0.05368595953523879
3850,0.05336406815825684
3851,0.05304482397122623
3852,0.05272820307716093
3853,0.052414181764213974
3854,0.052102736505617496
3855,0.05179384395957136
3856,0.051487480969086064
3857,0.051183624561777455
3858,0.0508822519496186
3859,0.050583340528646964
3860,0.05028686787863054
3861,0.04999281176269349
