1,0.5030103486513074
2,0.500622133307621
3,0.5000305324858102
4,0.5006234137837462
5,0.5011006120317152
6,0.500974471811191
7,0.5005375145899285
8,0.5001851169066557
9,0.5000376911235161
10,0.5000104129833174
11,0.5000097585665766
12,0.5000126306954615
13,0.5000310804058457
14,0.5000655388071329
15,0.5000988522519024
16,0.5001149647206694
17,0.5001113828323926
18,0.5000963058468944
19,0.5000795642985226
20,0.5000670325406894
21,0.5000603352246616
22,0.500058777588382
23,0.5000608355917339
24,0.5000647488565712
25,0.5000688234992088
26,0.5000717916038799
27,0.5000730893443319
28,0.5000728515442513
29,0.500071645495086
30,0.5000701323709933
31,0.5000688235114805
32,0.5000679845047127
33,0.5000676528319659
34,0.5000677117173755
35,0.5000679765670057
36,0.5000682686376812
37,0.500068462674232
38,0.5000685042930326
39,0.5000684014737631
40,0.5000682008066377
41,0.5000679606485858
42,0.5000677302853886
43,0.5000675391035878
44,0.500067395281063
45,0.5000672909209958
46,0.5000672098816548
47,0.5000671351731083
48,0.5000670540182413
49,0.5000669599768159
50,0.5000668525526382
51,0.5000667352658195
52,0.5000666132672593
53,0.5000664913277342
54,0.5000663726363181
55,0.5000662584614026
56,0.500066148466466
57,0.500066041362893
58,0.5000659355999428
59,0.5000658298868891
60,0.5000657234607877
61,0.5000656161143022
62,0.5000655080596612
63,0.5000653997237587
64,0.5000652915552815
65,0.5000651838930854
66,0.5000650769108207
67,0.5000649706264448
68,0.5000648649513116
69,0.5000647597514671
70,0.5000646549000075
71,0.5000645503092218
72,0.5000644459407493
73,0.5000643417986474
74,0.5000642379132436
75,0.5000641343234143
76,0.5000640310626926
77,0.5000639281516626
78,0.5000638255965233
79,0.5000637233920568
80,0.5000636215266535
81,0.5000635199873078
82,0.5000634187632369
83,0.5000633178476197
84,0.5000632172376418
85,0.5000631169334254
86,0.500063016936525
87,0.5000629172485458
88,0.5000628178702183
89,0.5000627188010168
90,0.5000626200392373
91,0.5000625215823524
92,0.5000624234274516
93,0.5000623255716184
94,0.500062228012167
95,0.5000621307467206
96,0.5000620337731705
97,0.5000619370895649
98,0.5000618406939844
99,0.5000617445844409
100,0.5000616487588198
101,0.5000615532148647
102,0.5000614579501971
103,0.5000613629623489
104,0.5000612682488005
105,0.5000611738070072
106,0.5000610796344165
107,0.5000609857284689
108,0.500060892086595
109,0.5000607987062047
110,0.5000607055846795
111,0.5000606127193642
112,0.5000605201075654
113,0.5000604277465515
114,0.5000603356335553
115,0.500060243765778
116,0.5000601521403919
117,0.500060060754544
118,0.5000599696053571
119,0.5000598786899308
120,0.5000597880053408
121,0.5000596975486395
122,0.5000596073168566
123,0.5000595173069972
124,0.5000594275160442
125,0.5000593379409584
126,0.500059248578679
127,0.5000591594261246
128,0.5000590704801948
129,0.50005898173777
130,0.5000588931957122
131,0.5000588048508667
132,0.5000587167000612
133,0.5000586287401078
134,0.5000585409678019
135,0.5000584533799244
136,0.5000583659732412
137,0.5000582787445044
138,0.5000581916904527
139,0.5000581048078117
140,0.5000580180932949
141,0.5000579315436041
142,0.5000578451554302
143,0.5000577589254533
144,0.5000576728503436
145,0.5000575869267616
146,0.5000575011513593
147,0.5000574155207798
148,0.5000573300316584
149,0.5000572446806233
150,0.5000571594642951
151,0.5000570743792885
152,0.5000569894222123
153,0.5000569045896692
154,0.500056819878258
155,0.5000567352845715
156,0.5000566508052
157,0.500056566436729
158,0.5000564821757414
159,0.5000563980188167
160,0.500056313962533
161,0.5000562300034659
162,0.5000561461381895
163,0.500056062363277
164,0.5000559786753007
165,0.5000558950708327
166,0.5000558115464454
167,0.5000557280987113
168,0.500055644724204
169,0.5000555614194979
170,0.5000554781811695
171,0.5000553950057968
172,0.50005531188996
173,0.5000552288302423
174,0.5000551458232294
175,0.5000550628655106
176,0.5000549799536782
177,0.5000548970843289
178,0.5000548142540633
179,0.5000547314594864
180,0.5000546486972085
181,0.500054565963844
182,0.5000544832560136
183,0.5000544005703427
184,0.5000543179034633
185,0.5000542352520132
186,0.5000541526126365
187,0.5000540699819841
188,0.5000539873567136
189,0.50005390473349
190,0.5000538221089852
191,0.5000537394798792
192,0.5000536568428593
193,0.5000535741946212
194,0.5000534915318684
195,0.5000534088513132
196,0.5000533261496765
197,0.5000532434236876
198,0.5000531606700855
199,0.5000530778856176
200,0.5000529950670413
201,0.500052912211123
202,0.5000528293146396
203,0.5000527463743769
204,0.5000526633871315
205,0.5000525803497099
206,0.5000524972589289
207,0.5000524141116157
208,0.5000523309046085
209,0.500052247634756
210,0.5000521642989176
211,0.5000520808939641
212,0.5000519974167774
213,0.5000519138642505
214,0.5000518302332877
215,0.5000517465208052
216,0.5000516627237304
217,0.5000515788390025
218,0.5000514948635725
219,0.5000514107944036
220,0.5000513266284705
221,0.5000512423627606
222,0.5000511579942726
223,0.5000510735200184
224,0.5000509889370214
225,0.5000509042423179
226,0.5000508194329566
227,0.5000507345059986
228,0.5000506494585176
229,0.5000505642876001
230,0.5000504789903453
231,0.5000503935638649
232,0.5000503080052838
233,0.5000502223117396
234,0.5000501364803829
235,0.5000500505083768
236,0.5000499643928982
237,0.5000498781311362
238,0.500049791720294
239,0.5000497051575868
240,0.5000496184402435
241,0.5000495315655061
242,0.5000494445306299
243,0.500049357332883
244,0.5000492699695471
245,0.500049182437917
246,0.5000490947353007
247,0.5000490068590195
248,0.5000489188064082
249,0.5000488305748146
250,0.5000487421615996
251,0.5000486535641377
252,0.5000485647798172
253,0.5000484758060383
254,0.5000483866402158
255,0.5000482972797771
256,0.5000482077221631
257,0.500048117964828
258,0.5000480280052388
259,0.5000479378408766
260,0.500047847469235
261,0.5000477568878212
262,0.5000476660941551
263,0.5000475750857705
264,0.5000474838602138
265,0.5000473924150447
266,0.5000473007478361
267,0.5000472088561739
268,0.500047116737657
269,0.5000470243898972
270,0.50004693181052
271,0.5000468389971631
272,0.5000467459474772
273,0.5000466526591265
274,0.5000465591297876
275,0.5000464653571498
276,0.5000463713389158
277,0.5000462770728004
278,0.5000461825565314
279,0.5000460877878499
280,0.5000459927645083
281,0.5000458974842729
282,0.5000458019449219
283,0.5000457061442459
284,0.5000456100800487
285,0.5000455137501456
286,0.5000454171523653
287,0.5000453202845477
288,0.500045223144546
289,0.500045125730225
290,0.5000450280394619
291,0.5000449300701465
292,0.5000448318201796
293,0.5000447332874749
294,0.5000446344699582
295,0.5000445353655665
296,0.5000444359722491
297,0.5000443362879676
298,0.5000442363106946
299,0.5000441360384147
300,0.500044035469124
301,0.5000439346008307
302,0.5000438334315542
303,0.5000437319593253
304,0.5000436301821864
305,0.5000435280981916
306,0.5000434257054056
307,0.5000433230019048
308,0.5000432199857768
309,0.5000431166551205
310,0.5000430130080453
311,0.5000429090426725
312,0.5000428047571335
313,0.5000427001495711
314,0.5000425952181388
315,0.5000424899610011
316,0.5000423843763326
317,0.5000422784623195
318,0.500042172217158
319,0.5000420656390547
320,0.5000419587262273
321,0.5000418514769032
322,0.5000417438893207
323,0.5000416359617279
324,0.5000415276923836
325,0.5000414190795568
326,0.5000413101215259
327,0.5000412008165801
328,0.5000410911630182
329,0.5000409811591491
330,0.5000408708032912
331,0.5000407600937731
332,0.5000406490289332
333,0.5000405376071189
334,0.5000404258266877
335,0.5000403136860068
336,0.5000402011834522
337,0.5000400883174101
338,0.5000399750862754
339,0.5000398614884528
340,0.5000397475223557
341,0.5000396331864071
342,0.5000395184790387
343,0.5000394033986917
344,0.5000392879438157
345,0.5000391721128697
346,0.5000390559043212
347,0.5000389393166467
348,0.5000388223483314
349,0.5000387049978688
350,0.5000385872637615
351,0.5000384691445202
352,0.5000383506386643
353,0.5000382317447217
354,0.5000381124612283
355,0.5000379927867286
356,0.5000378727197748
357,0.5000377522589283
358,0.5000376314027574
359,0.5000375101498391
360,0.5000373884987581
361,0.5000372664481073
362,0.5000371439964872
363,0.5000370211425061
364,0.5000368978847803
365,0.5000367742219334
366,0.5000366501525968
367,0.5000365256754093
368,0.5000364007890175
369,0.500036275492075
370,0.5000361497832431
371,0.5000360236611903
372,0.5000358971245924
373,0.5000357701721321
374,0.5000356428024998
375,0.5000355150143925
376,0.5000353868065143
377,0.5000352581775764
378,0.5000351291262968
379,0.5000349996514004
380,0.5000348697516187
381,0.5000347394256903
382,0.5000346086723603
383,0.5000344774903799
384,0.5000343458785078
385,0.5000342138355085
386,0.5000340813601534
387,0.5000339484512197
388,0.5000338151074918
389,0.5000336813277595
390,0.5000335471108195
391,0.5000334124554741
392,0.5000332773605323
393,0.5000331418248085
394,0.5000330058471241
395,0.5000328694263052
396,0.5000327325611849
397,0.5000325952506015
398,0.5000324574933993
399,0.5000323192884284
400,0.5000321806345446
401,0.5000320415306091
402,0.500031901975489
403,0.500031761968057
404,0.5000316215071907
405,0.5000314805917736
406,0.5000313392206949
407,0.5000311973928484
408,0.5000310551071335
409,0.5000309123624552
410,0.500030769157723
411,0.5000306254918521
412,0.5000304813637626
413,0.5000303367723795
414,0.5000301917166329
415,0.500030046195458
416,0.5000299002077946
417,0.5000297537525875
418,0.5000296068287864
419,0.5000294594353454
420,0.5000293115712237
421,0.5000291632353849
422,0.5000290144267974
423,0.5000288651444339
424,0.500028715387272
425,0.5000285651542934
426,0.5000284144444843
427,0.5000282632568355
428,0.5000281115903416
429,0.5000279594440025
430,0.5000278068168214
431,0.5000276537078058
432,0.500027500115968
433,0.5000273460403235
434,0.5000271914798928
435,0.5000270364336997
436,0.5000268809007725
437,0.500026724880143
438,0.500026568370847
439,0.5000264113719247
440,0.5000262538824192
441,0.500026095901378
442,0.5000259374278525
443,0.5000257784608969
444,0.50002561899957
445,0.5000254590429337
446,0.5000252985900535
447,0.5000251376399986
448,0.5000249761918414
449,0.5000248142446583
450,0.5000246517975284
451,0.5000244888495347
452,0.5000243253997632
453,0.5000241614473033
454,0.5000239969912479
455,0.5000238320306928
456,0.500023666564737
457,0.5000235005924825
458,0.5000233341130348
459,0.5000231671255022
460,0.5000229996289962
461,0.500022831622631
462,0.5000226631055238
463,0.500022494076795
464,0.5000223245355677
465,0.5000221544809678
466,0.5000219839121238
467,0.5000218128281674
468,0.5000216412282328
469,0.500021469111457
470,0.5000212964769792
471,0.5000211233239422
472,0.5000209496514904
473,0.5000207754587711
474,0.5000206007449344
475,0.5000204255091327
476,0.5000202497505206
477,0.5000200734682555
478,0.5000198966614968
479,0.5000197193294067
480,0.5000195414711496
481,0.5000193630858917
482,0.5000191841728023
483,0.5000190047310521
484,0.5000188247598146
485,0.500018644258265
486,0.5000184632255811
487,0.5000182816609424
488,0.5000180995635306
489,0.5000179169325294
490,0.5000177337671247
491,0.5000175500665041
492,0.500017365829857
493,0.5000171810563754
494,0.5000169957452525
495,0.5000168098956838
496,0.5000166235068662
497,0.5000164365779984
498,0.5000162491082814
499,0.5000160610969177
500,0.500015872543111
501,0.5000156834460673
502,0.500015493804994
503,0.5000153036191002
504,0.500015112887596
505,0.5000149216096943
506,0.5000147297846085
507,0.5000145374115536
508,0.5000143444897465
509,0.5000141510184052
510,0.5000139569967493
511,0.5000137624239999
512,0.500013567299379
513,0.5000133716221105
514,0.5000131753914192
515,0.5000129786065315
516,0.5000127812666747
517,0.5000125833710776
518,0.5000123849189702
519,0.5000121859095834
520,0.5000119863421499
521,0.5000117862159028
522,0.5000115855300766
523,0.5000113842839071
524,0.5000111824766308
525,0.5000109801074853
526,0.5000107771757094
527,0.5000105736805428
528,0.5000103696212258
529,0.5000101649970002
530,0.5000099598071086
531,0.5000097540507941
532,0.5000095477273008
533,0.5000093408358739
534,0.5000091333757593
535,0.5000089253462034
536,0.5000087167464539
537,0.5000085075757585
538,0.5000082978333664
539,0.5000080875185271
540,0.5000078766304907
541,0.5000076651685081
542,0.5000074531318309
543,0.5000072405197111
544,0.5000070273314015
545,0.5000068135661551
546,0.5000065992232259
547,0.5000063843018683
548,0.5000061688013367
549,0.5000059527208869
550,0.5000057360597742
551,0.5000055188172551
552,0.5000053009925859
553,0.5000050825850237
554,0.5000048635938259
555,0.50000464401825
556,0.5000044238575542
557,0.5000042031109966
558,0.5000039817778361
559,0.5000037598573313
560,0.5000035373487414
561,0.5000033142513258
562,0.5000030905643442
563,0.5000028662870561
564,0.5000026414187215
565,0.5000024159586005
566,0.5000021899059532
567,0.5000019632600401
568,0.5000017360201213
569,0.5000015081854575
570,0.5000012797553091
571,0.5000010507289366
572,0.5000008211056011
573,0.5000005908845623
574,0.5000003600650813
575,0.5000001286464185
576,0.4999998966278344
577,0.4999996640085892
578,0.49999943078794334
579,0.49999919696515693
580,0.49999896253949005
581,0.49999872751020263
582,0.4999984918765542
583,0.49999825563780464
584,0.49999801879321293
585,0.4999977813420384
586,0.49999754328353996
587,0.49999730461697617
588,0.4999970653416055
589,0.4999968254566861
590,0.4999965849614756
591,0.4999963438552316
592,0.49999610213721124
593,0.49999585980667116
594,0.499995616862868
595,0.4999953733050577
596,0.4999951291324959
597,0.49999488434443795
598,0.4999946389401385
599,0.49999439291885206
600,0.4999941462798324
601,0.499993899022333
602,0.4999936511456066
603,0.4999934026489059
604,0.4999931535314827
605,0.49999290379258815
606,0.49999265343147326
607,0.4999924024473883
608,0.4999921508395827
609,0.49999189860730575
610,0.4999916457498056
611,0.49999139226633027
612,0.49999113815612667
613,0.49999088341844156
614,0.4999906280525207
615,0.49999037205760916
616,0.49999011543295147
617,0.4999898581777912
618,0.49998960029137135
619,0.4999893417729344
620,0.49998908262172154
621,0.49998882283697366
622,0.49998856241793066
623,0.4999883013638316
624,0.49998803967391486
625,0.499987777347418
626,0.4999875143835775
627,0.4999872507816293
628,0.49998698654080853
629,0.49998672166034874
630,0.49998645613948334
631,0.4999861899774447
632,0.499985923173464
633,0.49998565572677167
634,0.4999853876365972
635,0.49998511890216935
636,0.49998484952271516
637,0.49998457949746145
638,0.49998430882563366
639,0.49998403750645654
640,0.49998376553915325
641,0.49998349292294675
642,0.49998321965705816
643,0.499982945740708
644,0.49998267117311557
645,0.49998239595349897
646,0.4999821200810756
647,0.4999818435550612
648,0.49998156637467106
649,0.49998128853911866
650,0.49998101004761675
651,0.4999807308993769
652,0.49998045109360933
653,0.4999801706295234
654,0.49997988950632677
655,0.49997960772322636
656,0.4999793252794279
657,0.4999790421741356
658,0.4999787584065526
659,0.49997847397588063
660,0.4999781888813205
661,0.49997790312207147
662,0.4999776166973317
663,0.4999773296062979
664,0.4999770418481656
665,0.4999767534221288
666,0.4999764643273805
667,0.4999761745631125
668,0.49997588412851446
669,0.4999755930227756
670,0.4999753012450833
671,0.49997500879462364
672,0.4999747156705815
673,0.4999744218721399
674,0.499974127398481
675,0.4999738322487852
676,0.49997353642223175
677,0.49997323991799814
678,0.4999729427352606
679,0.4999726448731939
680,0.49997234633097143
681,0.4999720471077649
682,0.49997174720274484
683,0.49997144661507986
684,0.4999711453439374
685,0.4999708433884833
686,0.4999705407478818
687,0.4999702374212958
688,0.4999699334078865
689,0.49996962870681355
690,0.49996932331723526
691,0.49996901723830783
692,0.49996871046918656
693,0.4999684030090247
694,0.499968094856974
695,0.4999677860121847
696,0.4999674764738056
697,0.4999671662409834
698,0.49996685531286345
699,0.49996654368858945
700,0.4999662313673035
701,0.49996591834814585
702,0.49996560463025536
703,0.4999652902127688
704,0.49996497509482185
705,0.4999646592755478
706,0.49996434275407864
707,0.49996402552954494
708,0.49996370760107484
709,0.49996338896779524
710,0.4999630696288312
711,0.49996274958330605
712,0.49996242883034125
713,0.49996210736905655
714,0.49996178519857004
715,0.4999614623179979
716,0.4999611387264547
717,0.49996081442305285
718,0.4999604894069033
719,0.49996016367711515
720,0.4999598372327956
721,0.49995951007304984
722,0.49995918219698166
723,0.49995885360369263
724,0.49995852429228266
725,0.4999581942618496
726,0.49995786351148974
727,0.49995753204029736
728,0.49995719984736475
729,0.4999568669317822
730,0.49995653329263856
731,0.4999561989290203
732,0.49995586384001256
733,0.49995552802469767
734,0.49995519148215695
735,0.499954854211469
736,0.49995451621171116
737,0.4999541774819583
738,0.4999538380212838
739,0.49995349782875853
740,0.499953156903452
741,0.4999528152444309
742,0.49995247285076105
743,0.49995212972150527
744,0.49995178585572486
745,0.49995144125247915
746,0.4999510959108252
747,0.4999507498298183
748,0.49995040300851146
749,0.49995005544595605
750,0.49994970714120057
751,0.4999493580932928
752,0.4999490083012771
753,0.4999486577641965
754,0.499948306481092
755,0.49994795445100204
756,0.4999476016729636
757,0.4999472481460111
758,0.4999468938691769
759,0.49994653884149154
760,0.499946183061983
761,0.4999458265296777
762,0.4999454692435995
763,0.4999451112027702
764,0.4999447524062097
765,0.49994439285293535
766,0.4999440325419629
767,0.49994367147230534
768,0.49994330964297395
769,0.4999429470529775
770,0.49994258370132294
771,0.4999422195870147
772,0.49994185470905517
773,0.49994148906644464
774,0.499941122658181
775,0.4999407554832601
776,0.4999403875406754
777,0.4999400188294184
778,0.49993964934847795
779,0.4999392790968412
780,0.4999389080734926
781,0.4999385362774147
782,0.4999381637075874
783,0.49993779036298874
784,0.49993741624259425
785,0.49993704134537725
786,0.49993666567030903
787,0.499936289216358
788,0.499935911982491
789,0.49993553396767193
790,0.49993515517086284
791,0.4999347755910233
792,0.49993439522711053
793,0.49993401407807947
794,0.49993363214288283
795,0.4999332494204708
796,0.49993286590979136
797,0.4999324816097902
798,0.49993209651941045
799,0.49993171063759323
800,0.4999313239632768
801,0.4999309364953976
802,0.4999305482328893
803,0.4999301591746833
804,0.4999297693197088
805,0.49992937866689235
806,0.4999289872151583
807,0.49992859496342845
808,0.49992820191062226
809,0.49992780805565684
810,0.49992741339744673
811,0.499927017934904
812,0.4999266216669389
813,0.4999262245924583
814,0.49992582671036734
815,0.4999254280195684
816,0.4999250285189616
817,0.4999246282074443
818,0.4999242270839117
819,0.49992382514725664
820,0.4999234223963688
821,0.49992301883013623
822,0.4999226144474439
823,0.4999222092471747
824,0.49992180322820867
825,0.49992139638942357
826,0.4999209887296947
827,0.4999205802478945
828,0.4999201709428933
829,0.4999197608135589
830,0.499919349858756
831,0.4999189380773477
832,0.4999185254681937
833,0.4999181120301516
834,0.4999176977620764
835,0.49991728266282043
836,0.4999168667312336
837,0.49991644996616325
838,0.49991603236645377
839,0.4999156139309476
840,0.4999151946584843
841,0.4999147745479007
842,0.49991435359803127
843,0.4999139318077078
844,0.4999135091757593
845,0.49991308570101245
846,0.4999126613822913
847,0.49991223621841707
848,0.49991181020820846
849,0.4999113833504817
850,0.4999109556440502
851,0.49991052708772454
852,0.49991009768031336
853,0.4999096674206217
854,0.49990923630745276
855,0.4999088043396066
856,0.4999083715158808
857,0.4999079378350703
858,0.4999075032959672
859,0.49990706789736106
860,0.4999066316380387
861,0.49990619451678425
862,0.4999057565323794
863,0.4999053176836025
864,0.49990487796922983
865,0.4999044373880347
866,0.49990399593878776
867,0.49990355362025685
868,0.499903110431207
869,0.49990266637040076
870,0.499902221436598
871,0.4999017756285554
872,0.4999013289450273
873,0.49990088138476513
874,0.49990043294651754
875,0.49989998362903065
876,0.4998995334310473
877,0.4998990823513081
878,0.49989863038855065
879,0.4998981775415098
880,0.4998977238089174
881,0.49989726918950284
882,0.49989681368199257
883,0.49989635728511017
884,0.49989589999757655
885,0.49989544181810963
886,0.4998949827454245
887,0.49989452277823393
888,0.4998940619152471
889,0.4998936001551706
890,0.4998931374967087
891,0.4998926739385622
892,0.49989220947942914
893,0.49989174411800497
894,0.4998912778529821
895,0.49989081068305014
896,0.4998903426068957
897,0.4998898736232025
898,0.49988940373065177
899,0.49988893292792147
900,0.4998884612136865
901,0.4998879885866194
902,0.49988751504538975
903,0.4998870405886632
904,0.49988656521510394
905,0.49988608892337233
906,0.4998856117121262
907,0.49988513358002007
908,0.49988465452570596
909,0.4998841745478326
910,0.499883693645046
911,0.49988321181598905
912,0.49988272905930187
913,0.49988224537362136
914,0.49988176075758195
915,0.4998812752098142
916,0.4998807887289465
917,0.49988030131360417
918,0.4998798129624091
919,0.49987932367398047
920,0.4998788334469346
921,0.4998783422798845
922,0.49987785017144026
923,0.4998773571202091
924,0.49987686312479507
925,0.4998763681837992
926,0.4998758722958196
927,0.49987537545945104
928,0.49987487767328576
929,0.49987437893591247
930,0.499873879245917
931,0.4998733786018822
932,0.49987287700238775
933,0.4998723744460101
934,0.499871870931323
935,0.49987136645689684
936,0.4998708610212991
937,0.49987035462309354
938,0.49986984726084216
939,0.4998693389331025
940,0.4998688296384294
941,0.499868319375375
942,0.4998678081424879
943,0.4998672959383136
944,0.4998667827613945
945,0.49986626861027006
946,0.4998657534834763
947,0.49986523737954613
948,0.49986472029700946
949,0.499864202234393
950,0.4998636831902201
951,0.49986316316301116
952,0.4998626421512833
953,0.49986212015355047
954,0.49986159716832324
955,0.4998610731941092
956,0.4998605482294127
957,0.49986002227273496
958,0.49985949532257357
959,0.49985896737742347
960,0.49985843843577593
961,0.4998579084961191
962,0.49985737755693793
963,0.4998568456167142
964,0.4998563126739263
965,0.4998557787270492
966,0.4998552437745549
967,0.49985470781491215
968,0.4998541708465861
969,0.49985363286803874
970,0.499853093877729
971,0.4998525538741121
972,0.4998520128556403
973,0.49985147082076226
974,0.49985092776792356
975,0.4998503836955664
976,0.4998498386021296
977,0.49984929248604826
978,0.4998487453457551
979,0.4998481971796785
980,0.4998476479862438
981,0.49984709776387337
982,0.49984654651098537
983,0.49984599422599574
984,0.49984544090731564
985,0.49984488655335413
986,0.4998443311625159
987,0.49984377473320296
988,0.4998432172638133
989,0.4998426587527418
990,0.49984209919837996
991,0.4998415385991156
992,0.49984097695333346
993,0.4998404142594143
994,0.4998398505157359
995,0.49983928572067227
996,0.4998387198725942
997,0.4998381529698689
998,0.49983758501085995
999,0.4998370159939275
1000,0.4998364459174284
1001,0.4998358747797156
1002,0.49983530257913905
1003,0.4998347293140446
1004,0.49983415498277506
1005,0.49983357958366936
1006,0.4998330031150632
1007,0.4998324255752883
1008,0.49983184696267313
1009,0.4998312672755425
1010,0.4998306865122179
1011,0.49983010467101663
1012,0.49982952175025286
1013,0.4998289377482371
1014,0.49982835266327624
1015,0.4998277664936735
1016,0.4998271792377285
1017,0.49982659089373693
1018,0.4998260014599916
1019,0.49982541093478083
1020,0.4998248193163899
1021,0.49982422660309994
1022,0.4998236327931887
1023,0.4998230378849302
1024,0.4998224418765948
1025,0.499821844766449
1026,0.4998212465527557
1027,0.49982064723377445
1028,0.49982004680776015
1029,0.49981944527296496
1030,0.49981884262763665
1031,0.4998182388700195
1032,0.4998176339983542
1033,0.49981702801087713
1034,0.49981642090582146
1035,0.4998158126814161
1036,0.4998152033358868
1037,0.49981459286745483
1038,0.49981398127433785
1039,0.4998133685547502
1040,0.4998127547069016
1041,0.4998121397289984
1042,0.49981152361924314
1043,0.49981090637583436
1044,0.4998102879969666
1045,0.49980966848083075
1046,0.49980904782561386
1047,0.4998084260294987
1048,0.49980780309066475
1049,0.4998071790072869
1050,0.49980655377753674
1051,0.4998059273995815
1052,0.49980529987158473
1053,0.4998046711917056
1054,0.4998040413581
1055,0.4998034103689194
1056,0.49980277822231134
1057,0.4998021449164193
1058,0.4998015104493829
1059,0.49980087481933777
1060,0.49980023802441564
1061,0.4997996000627436
1062,0.4997989609324456
1063,0.49979832063164076
1064,0.4997976791584446
1065,0.49979703651096835
1066,0.49979639268731946
1067,0.49979574768560064
1068,0.4997951015039115
1069,0.4997944541403464
1070,0.49979380559299647
1071,0.4997931558599483
1072,0.4997925049392844
1073,0.4997918528290832
1074,0.4997911995274188
1075,0.49979054503236126
1076,0.49978988934197655
1077,0.49978923245432605
1078,0.4997885743674675
1079,0.4997879150794539
1080,0.49978725458833423
1081,0.49978659289215355
1082,0.49978592998895177
1083,0.49978526587676575
1084,0.49978460055362667
1085,0.49978393401756294
1086,0.49978326626659747
1087,0.4997825972987496
1088,0.4997819271120337
1089,0.4997812557044604
1090,0.4997805830740355
1091,0.49977990921876103
1092,0.49977923413663405
1093,0.4997785578256475
1094,0.4997778802837899
1095,0.4997772015090454
1096,0.4997765214993938
1097,0.49977584025281013
1098,0.49977515776726555
1099,0.49977447404072617
1100,0.4997737890711539
1101,0.4997731028565061
1102,0.4997724153947361
1103,0.49977172668379183
1104,0.49977103672161727
1105,0.49977034550615196
1106,0.4997696530353308
1107,0.49976895930708365
1108,0.4997682643193365
1109,0.49976756807001044
1110,0.49976687055702185
1111,0.49976617177828275
1112,0.4997654717317003
1113,0.49976477041517686
1114,0.4997640678266111
1115,0.49976336396389576
1116,0.49976265882491977
1117,0.49976195240756666
1118,0.49976124470971606
1119,0.49976053572924234
1120,0.49975982546401526
1121,0.4997591139118999
1122,0.4997584010707564
1123,0.49975768693844036
1124,0.4997569715128024
1125,0.4997562547916884
1126,0.4997555367729395
1127,0.4997548174543919
1128,0.4997540968338767
1129,0.49975337490922084
1130,0.4997526516782457
1131,0.49975192713876815
1132,0.49975120128859973
1133,0.4997504741255477
1134,0.4997497456474139
1135,0.4997490158519954
1136,0.4997482847370839
1137,0.49974755230046675
1138,0.499746818539926
1139,0.4997460834532386
1140,0.4997453470381764
1141,0.49974460929250686
1142,0.49974387021399125
1143,0.4997431298003867
1144,0.4997423880494448
1145,0.49974164495891216
1146,0.4997409005265303
1147,0.49974015475003564
1148,0.49973940762715907
1149,0.4997386591556268
1150,0.4997379093331594
1151,0.49973715815747266
1152,0.49973640562627686
1153,0.499735651737277
1154,0.49973489648817304
1155,0.4997341398766595
1156,0.4997333819004255
1157,0.4997326225571552
1158,0.4997318618445272
1159,0.49973109976021457
1160,0.49973033630188535
1161,0.49972957146720215
1162,0.4997288052538218
1163,0.49972803765939644
1164,0.4997272686815718
1165,0.499726498317989
1166,0.4997257265662835
1167,0.49972495342408485
1168,0.4997241788890175
1169,0.4997234029587002
1170,0.4997226256307463
1171,0.4997218469027634
1172,0.4997210667723536
1173,0.49972028523711354
1174,0.49971950229463397
1175,0.4997187179425
1176,0.4997179321782915
1177,0.49971714499958214
1178,0.4997163564039402
1179,0.4997155663889281
1180,0.4997147749521027
1181,0.4997139820910149
1182,0.49971318780320995
1183,0.499712392086227
1184,0.4997115949375999
1185,0.49971079635485643
1186,0.49970999633551827
1187,0.49970919487710175
1188,0.49970839197711675
1189,0.4997075876330672
1190,0.4997067818424519
1191,0.4997059746027628
1192,0.4997051659114862
1193,0.4997043557661025
1194,0.499703544164086
1195,0.49970273110290475
1196,0.4997019165800213
1197,0.4997011005928913
1198,0.49970028313896486
1199,0.4996994642156858
1200,0.4996986438204919
1201,0.4996978219508145
1202,0.4996969986040791
1203,0.4996961737777045
1204,0.49969534746910393
1205,0.4996945196756837
1206,0.499693690394844
1207,0.4996928596239788
1208,0.499692027360476
1209,0.49969119360171677
1210,0.49969035834507614
1211,0.49968952158792224
1212,0.4996886833276174
1213,0.4996878435615173
1214,0.49968700228697077
1215,0.49968615950132095
1216,0.4996853152019035
1217,0.49968446938604827
1218,0.4996836220510782
1219,0.49968277319430976
1220,0.4996819228130527
1221,0.4996810709046102
1222,0.49968021746627866
1223,0.4996793624953481
1224,0.49967850598910135
1225,0.49967764794481495
1226,0.4996767883597585
1227,0.4996759272311946
1228,0.4996750645563793
1229,0.49967420033256166
1230,0.4996733345569841
1231,0.49967246722688186
1232,0.4996715983394835
1233,0.4996707278920103
1234,0.4996698558816769
1235,0.4996689823056909
1236,0.49966810716125254
1237,0.4996672304455554
1238,0.49966635215578603
1239,0.4996654722891234
1240,0.49966459084273973
1241,0.4996637078138001
1242,0.499662823199462
1243,0.4996619369968763
1244,0.499661049203186
1245,0.4996601598155274
1246,0.4996592688310291
1247,0.49965837624681253
1248,0.4996574820599917
1249,0.4996565862676734
1250,0.49965568886695677
1251,0.4996547898549337
1252,0.49965388922868853
1253,0.49965298698529803
1254,0.49965208312183146
1255,0.4996511776353507
1256,0.49965027052291006
1257,0.4996493617815558
1258,0.4996484514083269
1259,0.49964753940025475
1260,0.4996466257543626
1261,0.4996457104676666
1262,0.49964479353717434
1263,0.4996438749598864
1264,0.49964295473279485
1265,0.49964203285288444
1266,0.4996411093171318
1267,0.49964018412250555
1268,0.4996392572659665
1269,0.49963832874446745
1270,0.4996373985549531
1271,0.49963646669436
1272,0.4996355331596172
1273,0.49963459794764475
1274,0.4996336610553552
1275,0.49963272247965296
1276,0.49963178221743376
1277,0.4996308402655853
1278,0.4996298966209872
1279,0.49962895128051066
1280,0.4996280042410181
1281,0.4996270554993644
1282,0.49962610505239535
1283,0.4996251528969487
1284,0.4996241990298532
1285,0.49962324344792974
1286,0.4996222861479903
1287,0.4996213271268383
1288,0.49962036638126855
1289,0.49961940390806714
1290,0.4996184397040119
1291,0.4996174737658714
1292,0.4996165060904054
1293,0.49961553667436565
1294,0.4996145655144941
1295,0.4996135926075247
1296,0.49961261795018175
1297,0.49961164153918103
1298,0.4996106633712294
1299,0.4996096834430244
1300,0.49960870175125477
1301,0.4996077182926001
1302,0.4996067330637308
1303,0.49960574606130825
1304,0.49960475728198434
1305,0.49960376672240214
1306,0.49960277437919537
1307,0.49960178024898794
1308,0.49960078432839516
1309,0.49959978661402227
1310,0.49959878710246564
1311,0.49959778579031167
1312,0.49959678267413765
1313,0.4995957777505112
1314,0.49959477101599037
1315,0.49959376246712334
1316,0.49959275210044907
1317,0.49959173991249645
1318,0.4995907258997848
1319,0.49958971005882363
1320,0.49958869238611253
1321,0.49958767287814143
1322,0.49958665153139004
1323,0.49958562834232856
1324,0.4995846033074167
1325,0.49958357642310436
1326,0.49958254768583155
1327,0.4995815170920279
1328,0.4995804846381131
1329,0.4995794503204963
1330,0.4995784141355767
1331,0.4995773760797432
1332,0.49957633614937413
1333,0.4995752943408378
1334,0.49957425065049177
1335,0.49957320507468317
1336,0.49957215760974893
1337,0.4995711082520153
1338,0.49957005699779755
1339,0.49956900384340086
1340,0.49956794878511934
1341,0.4995668918192365
1342,0.4995658329420255
1343,0.49956477214974765
1344,0.49956370943865425
1345,0.4995626448049856
1346,0.4995615782449705
1347,0.4995605097548275
1348,0.4995594393307635
1349,0.4995583669689746
1350,0.4995572926656455
1351,0.49955621641695014
1352,0.4995551382190506
1353,0.4995540580680984
1354,0.499552975960233
1355,0.49955189189158294
1356,0.49955080585826517
1357,0.49954971785638513
1358,0.4995486278820369
1359,0.49954753593130263
1360,0.49954644200025317
1361,0.49954534608494744
1362,0.4995442481814329
1363,0.499543148285745
1364,0.4995420463939074
1365,0.4995409425019318
1366,0.49953983660581835
1367,0.4995387287015547
1368,0.49953761878511665
1369,0.4995365068524682
1370,0.4995353928995605
1371,0.4995342769223332
1372,0.4995331589167137
1373,0.4995320388786164
1374,0.49953091680394396
1375,0.4995297926885865
1376,0.49952866652842165
1377,0.4995275383193145
1378,0.49952640805711757
1379,0.4995252757376708
1380,0.49952414135680134
1381,0.4995230049103238
1382,0.49952186639403984
1383,0.4995207258037382
1384,0.4995195831351952
1385,0.49951843838417354
1386,0.4995172915464232
1387,0.49951614261768135
1388,0.4995149915936715
1389,0.49951383847010455
1390,0.49951268324267767
1391,0.4995115259070751
1392,0.49951036645896746
1393,0.4995092048940122
1394,0.49950804120785286
1395,0.49950687539612015
1396,0.4995057074544306
1397,0.4995045373783874
1398,0.4995033651635798
1399,0.4995021908055832
1400,0.49950101429995986
1401,0.4994998356422573
1402,0.49949865482800954
1403,0.49949747185273663
1404,0.49949628671194435
1405,0.4994950994011245
1406,0.49949390991575426
1407,0.4994927182512975
1408,0.49949152440320266
1409,0.4994903283669046
1410,0.4994891301378232
1411,0.49948792971136435
1412,0.4994867270829191
1413,0.49948552224786363
1414,0.49948431520155995
1415,0.49948310593935474
1416,0.4994818944565802
1417,0.4994806807485538
1418,0.4994794648105775
1419,0.4994782466379388
1420,0.4994770262259097
1421,0.4994758035697474
1422,0.4994745786646933
1423,0.4994733515059744
1424,0.4994721220888013
1425,0.4994708904083701
1426,0.49946965645986097
1427,0.4994684202384383
1428,0.4994671817392514
1429,0.4994659409574336
1430,0.4994646978881022
1431,0.49946345252635926
1432,0.49946220486729026
1433,0.4994609549059652
1434,0.49945970263743794
1435,0.4994584480567461
1436,0.4994571911589111
1437,0.4994559319389381
1438,0.4994546703918163
1439,0.4994534065125179
1440,0.499452140295999
1441,0.49945087173719904
1442,0.49944960083104084
1443,0.49944832757243063
1444,0.4994470519562577
1445,0.4994457739773946
1446,0.49944449363069676
1447,0.49944321091100324
1448,0.49944192581313507
1449,0.49944063833189695
1450,0.49943934846207594
1451,0.49943805619844206
1452,0.4994367615357476
1453,0.4994354644687278
1454,0.49943416499210014
1455,0.4994328631005645
1456,0.4994315587888031
1457,0.4994302520514805
1458,0.49942894288324313
1459,0.49942763127872014
1460,0.49942631723252184
1461,0.49942500073924095
1462,0.4994236817934521
1463,0.4994223603897113
1464,0.49942103652255676
1465,0.49941971018650766
1466,0.49941838137606537
1467,0.49941705008571213
1468,0.4994157163099118
1469,0.4994143800431094
1470,0.4994130412797314
1471,0.49941170001418494
1472,0.49941035624085867
1473,0.49940900995412163
1474,0.49940766114832413
1475,0.4994063098177971
1476,0.4994049559568521
1477,0.49940359955978136
1478,0.49940224062085764
1479,0.499400879134334
1480,0.4993995150944439
1481,0.4993981484954011
1482,0.49939677933139914
1483,0.4993954075966124
1484,0.49939403328519455
1485,0.4993926563912794
1486,0.49939127690898033
1487,0.49938989483239105
1488,0.4993885101555841
1489,0.4993871228726121
1490,0.4993857329775069
1491,0.4993843404642797
1492,0.49938294532692096
1493,0.49938154755940034
1494,0.4993801471556666
1495,0.4993787441096471
1496,0.4993773384152488
1497,0.4993759300663569
1498,0.4993745190568352
1499,0.49937310538052665
1500,0.4993716890312522
1501,0.4993702700028113
1502,0.499368848288982
1503,0.49936742388352007
1504,0.49936599678015997
1505,0.4993645669726135
1506,0.4993631344545711
1507,0.4993616992197005
1508,0.4993602612616471
1509,0.49935882057403463
1510,0.49935737715046347
1511,0.49935593098451203
1512,0.49935448206973543
1513,0.49935303039966683
1514,0.49935157596781565
1515,0.499350118767669
1516,0.49934865879269047
1517,0.4993471960363207
1518,0.4993457304919769
1519,0.49934426215305283
1520,0.49934279101291895
1521,0.4993413170649218
1522,0.49933984030238443
1523,0.49933836071860627
1524,0.49933687830686213
1525,0.49933539306040364
1526,0.49933390497245733
1527,0.49933241403622647
1528,0.49933092024488923
1529,0.4993294235915996
1530,0.499327924069487
1531,0.4993264216716562
1532,0.4993249163911868
1533,0.4993234082211339
1534,0.49932189715452757
1535,0.4993203831843722
1536,0.49931886630364775
1537,0.49931734650530807
1538,0.49931582378228206
1539,0.49931429812747263
1540,0.49931276953375725
1541,0.4993112379939875
1542,0.49930970350098886
1543,0.499308166047561
1544,0.4993066256264772
1545,0.4993050822304846
1546,0.49930353585230375
1547,0.4993019864846291
1548,0.4993004341201278
1549,0.4992988787514407
1550,0.4992973203711817
1551,0.49929575897193734
1552,0.4992941945462677
1553,0.49929262708670497
1554,0.49929105658575423
1555,0.49928948303589316
1556,0.49928790642957155
1557,0.4992863267592117
1558,0.4992847440172078
1559,0.49928315819592617
1560,0.4992815692877052
1561,0.4992799772848545
1562,0.49927838217965603
1563,0.4992767839643626
1564,0.4992751826311985
1565,0.49927357817235973
1566,0.49927197058001294
1567,0.4992703598462956
1568,0.4992687459633167
1569,0.49926712892315517
1570,0.49926550871786124
1571,0.4992638853394551
1572,0.49926225877992736
1573,0.4992606290312388
1574,0.49925899608532054
1575,0.49925735993407316
1576,0.4992557205693673
1577,0.4992540779830432
1578,0.4992524321669106
1579,0.4992507831127485
1580,0.49924913081230543
1581,0.4992474752572985
1582,0.49924581643941446
1583,0.499244154350308
1584,0.49924248898160317
1585,0.4992408203248926
1586,0.49923914837173666
1587,0.4992374731136644
1588,0.4992357945421732
1589,0.49923411264872786
1590,0.4992324274247614
1591,0.49923073886167413
1592,0.49922904695083425
1593,0.4992273516835771
1594,0.4992256530512056
1595,0.499223951044989
1596,0.49922224565616424
1597,0.4992205368759348
1598,0.4992188246954707
1599,0.4992171091059081
1600,0.4992153900983505
1601,0.49921366766386654
1602,0.4992119417934913
1603,0.49921021247822583
1604,0.4992084797090364
1605,0.4992067434768558
1606,0.49920500377258115
1607,0.4992032605870754
1608,0.49920151391116663
1609,0.4991997637356474
1610,0.4991980100512756
1611,0.49919625284877334
1612,0.49919449211882716
1613,0.49919272785208846
1614,0.49919096003917196
1615,0.49918918867065687
1616,0.4991874137370859
1617,0.49918563522896575
1618,0.4991838531367664
1619,0.499182067450921
1620,0.49918027816182586
1621,0.4991784852598408
1622,0.49917668873528764
1623,0.4991748885784515
1624,0.4991730847795794
1625,0.4991712773288811
1626,0.49916946621652847
1627,0.49916765143265496
1628,0.49916583296735606
1629,0.4991640108106891
1630,0.4991621849526724
1631,0.4991603553832856
1632,0.4991585220924699
1633,0.4991566850701268
1634,0.4991548443061188
1635,0.49915299979026906
1636,0.4991511515123609
1637,0.499149299462138
1638,0.49914744362930397
1639,0.49914558400352216
1640,0.4991437205744158
1641,0.4991418533315674
1642,0.4991399822645186
1643,0.4991381073627705
1644,0.499136228615783
1645,0.49913434601297446
1646,0.49913245954372215
1647,0.4991305691973614
1648,0.4991286749631858
1649,0.4991267768304468
1650,0.4991248747883539
1651,0.49912296882607393
1652,0.4991210589327312
1653,0.49911914509740707
1654,0.49911722730914
1655,0.4991153055569256
1656,0.4991133798297154
1657,0.4991114501164179
1658,0.4991095164058974
1659,0.49910757868697464
1660,0.4991056369484258
1661,0.4991036911789829
1662,0.4991017413673332
1663,0.49909978750211936
1664,0.49909782957193877
1665,0.49909586756534385
1666,0.4990939014708415
1667,0.499091931276893
1668,0.49908995697191405
1669,0.49908797854427367
1670,0.4990859959822953
1671,0.49908400927425567
1672,0.4990820184083847
1673,0.4990800233728658
1674,0.49907802415583474
1675,0.4990760207453806
1676,0.4990740131295446
1677,0.4990720012963198
1678,0.4990699852336522
1679,0.49906796492943895
1680,0.49906594037152907
1681,0.4990639115477228
1682,0.49906187844577155
1683,0.49905984105337803
1684,0.49905779935819494
1685,0.49905575334782615
1686,0.49905370300982543
1687,0.4990516483316966
1688,0.49904958930089327
1689,0.4990475259048189
1690,0.4990454581308258
1691,0.4990433859662159
1692,0.4990413093982396
1693,0.49903922841409615
1694,0.49903714300093305
1695,0.4990350531458462
1696,0.49903295883587906
1697,0.4990308600580232
1698,0.49902875679921765
1699,0.4990266490463482
1700,0.4990245367862478
1701,0.4990224200056963
1702,0.49902029869142006
1703,0.4990181728300914
1704,0.49901604240832875
1705,0.4990139074126965
1706,0.499011767829704
1707,0.4990096236458067
1708,0.499007474847404
1709,0.4990053214208408
1710,0.4990031633524064
1711,0.49900100062833397
1712,0.498998833234801
1713,0.4989966611579285
1714,0.49899448438378124
1715,0.4989923028983665
1716,0.49899011668763554
1717,0.4989879257374815
1718,0.49898573003374
1719,0.4989835295621893
1720,0.498981324308549
1721,0.49897911425848057
1722,0.49897689939758694
1723,0.49897467971141174
1724,0.4989724551854399
1725,0.49897022580509653
1726,0.4989679915557472
1727,0.4989657524226973
1728,0.4989635083911921
1729,0.4989612594464161
1730,0.49895900557349315
1731,0.49895674675748597
1732,0.498954482983396
1733,0.4989522142361624
1734,0.49894994050066305
1735,0.49894766176171323
1736,0.4989453780040658
1737,0.4989430892124106
1738,0.4989407953713746
1739,0.49893849646552135
1740,0.4989361924793505
1741,0.4989338833972977
1742,0.49893156920373466
1743,0.498929249882968
1744,0.4989269254192399
1745,0.4989245957967271
1746,0.4989222609995408
1747,0.4989199210117269
1748,0.4989175758172645
1749,0.4989152254000666
1750,0.4989128697439801
1751,0.49891050883278376
1752,0.49890814265018996
1753,0.49890577117984297
1754,0.4989033944053193
1755,0.49890101231012723
1756,0.49889862487770636
1757,0.4988962320914273
1758,0.4988938339345919
1759,0.49889143039043204
1760,0.49888902144210995
1761,0.4988866070727176
1762,0.4988841872652766
1763,0.4988817620027376
1764,0.4988793312679802
1765,0.4988768950438126
1766,0.4988744533129712
1767,0.4988720060581199
1768,0.49886955326185045
1769,0.498867094906682
1770,0.4988646309750602
1771,0.4988621614493573
1772,0.49885968631187166
1773,0.4988572055448278
1774,0.49885471913037543
1775,0.4988522270505897
1776,0.4988497292874702
1777,0.49884722582294116
1778,0.4988447166388509
1779,0.49884220171697174
1780,0.49883968103899906
1781,0.4988371545865513
1782,0.49883462234117
1783,0.4988320842843186
1784,0.4988295403973825
1785,0.49882699066166925
1786,0.498824435058407
1787,0.4988218735687452
1788,0.49881930617375375
1789,0.4988167328544226
1790,0.49881415359166154
1791,0.4988115683662997
1792,0.49880897715908545
1793,0.49880637995068583
1794,0.4988037767216856
1795,0.4988011674525882
1796,0.4987985521238141
1797,0.498795930715701
1798,0.4987933032085037
1799,0.4987906695823928
1800,0.4987880298174554
1801,0.498785383893694
1802,0.498782731791026
1803,0.4987800734892842
1804,0.4987774089682152
1805,0.4987747382074803
1806,0.49877206118665374
1807,0.49876937788522346
1808,0.4987666882825899
1809,0.4987639923580662
1810,0.4987612900908771
1811,0.49875858146015956
1812,0.49875586644496106
1813,0.4987531450242402
1814,0.498750417176866
1815,0.4987476828816172
1816,0.498744942117182
1817,0.49874219486215826
1818,0.49873944109505186
1819,0.49873668079427724
1820,0.4987339139381566
1821,0.49873114050491973
1822,0.498728360472703
1823,0.49872557381954985
1824,0.4987227805234093
1825,0.4987199805621362
1826,0.498717173913491
1827,0.4987143605551382
1828,0.4987115404646475
1829,0.4987087136194919
1830,0.49870587999704796
1831,0.49870303957459544
1832,0.4987001923293164
1833,0.4986973382382953
1834,0.4986944772785181
1835,0.49869160942687163
1836,0.49868873466014385
1837,0.4986858529550231
1838,0.4986829642880971
1839,0.4986800686358531
1840,0.49867716597467754
1841,0.4986742562808545
1842,0.4986713395305665
1843,0.49866841569989373
1844,0.4986654847648128
1845,0.4986625467011973
1846,0.49865960148481636
1847,0.498656649091335
1848,0.498653689496313
1849,0.4986507226752051
1850,0.4986477486033598
1851,0.4986447672560192
1852,0.49864177860831826
1853,0.49863878263528516
1854,0.49863577931183944
1855,0.4986327686127927
1856,0.49862975051284725
1857,0.4986267249865962
1858,0.4986236920085228
1859,0.4986206515529995
1860,0.4986176035942881
1861,0.4986145481065386
1862,0.4986114850637893
1863,0.49860841443996584
1864,0.4986053362088807
1865,0.49860225034423283
1866,0.4985991568196072
1867,0.4985960556084741
1868,0.4985929466841883
1869,0.4985898300199896
1870,0.49858670558900064
1871,0.498583573364228
1872,0.4985804333185605
1873,0.4985772854247692
1874,0.49857412965550685
1875,0.49857096598330713
1876,0.498567794380584
1877,0.49856461481963155
1878,0.49856142727262315
1879,0.49855823171161096
1880,0.49855502810852537
1881,0.49855181643517443
1882,0.4985485966632431
1883,0.49854536876429323
1884,0.4985421327097622
1885,0.49853888847096295
1886,0.49853563601908324
1887,0.4985323753251847
1888,0.4985291063602033
1889,0.4985258290949471
1890,0.49852254350009717
1891,0.4985192495462064
1892,0.49851594720369885
1893,0.4985126364428689
1894,0.4985093172338816
1895,0.4985059895467707
1896,0.4985026533514394
1897,0.49849930861765873
1898,0.4984959553150676
1899,0.49849259341317176
1900,0.4984892228813431
1901,0.4984858436888199
1902,0.4984824558047045
1903,0.4984790591979651
1904,0.49847565383743264
1905,0.4984722396918015
1906,0.4984688167296293
1907,0.4984653849193349
1908,0.49846194422919854
1909,0.49845849462736175
1910,0.4984550360818253
1911,0.49845156856044964
1912,0.49844809203095425
1913,0.4984446064609161
1914,0.49844111181776996
1915,0.4984376080688071
1916,0.49843409518117504
1917,0.4984305731218767
1918,0.4984270418577694
1919,0.498423501355565
1920,0.4984199515818283
1921,0.4984163925029772
1922,0.4984128240852811
1923,0.4984092462948614
1924,0.49840565909768947
1925,0.49840206245958696
1926,0.4983984563462246
1927,0.4983948407231219
1928,0.4983912155556461
1929,0.49838758080901124
1930,0.4983839364482784
1931,0.49838028243835386
1932,0.49837661874398903
1933,0.4983729453297797
1934,0.49836926216016536
1935,0.49836556919942776
1936,0.4983618664116912
1937,0.4983581537609215
1938,0.49835443121092443
1939,0.49835069872534643
1940,0.49834695626767245
1941,0.4983432038012263
1942,0.4983394412891692
1943,0.4983356686944994
1944,0.4983318859800512
1945,0.49832809310849413
1946,0.4983242900423329
1947,0.49832047674390545
1948,0.49831665317538304
1949,0.49831281929876947
1950,0.4983089750758998
1951,0.49830512046843983
1952,0.49830125543788556
1953,0.4982973799455623
1954,0.498293493952623
1955,0.4982895974200492
1956,0.49828569030864867
1957,0.49828177257905526
1958,0.49827784419172805
1959,0.4982739051069508
1960,0.4982699552848304
1961,0.4982659946852969
1962,0.49826202326810204
1963,0.4982580409928189
1964,0.4982540478188405
1965,0.49825004370537984
1966,0.4982460286114683
1967,0.49824200249595496
1968,0.4982379653175062
1969,0.49823391703460423
1970,0.4982298576055466
1971,0.49822578698844533
1972,0.4982217051412261
1973,0.49821761202162707
1974,0.4982135075871985
1975,0.4982093917953013
1976,0.49820526460310693
1977,0.4982011259675958
1978,0.4981969758455568
1979,0.4981928141935861
1980,0.49818864096808674
1981,0.49818445612526724
1982,0.4981802596211411
1983,0.49817605141152554
1984,0.498171831452041
1985,0.49816759969810986
1986,0.49816335610495593
1987,0.49815910062760294
1988,0.4981548332208744
1989,0.4981505538393918
1990,0.49814626243757476
1991,0.49814195896963887
1992,0.49813764338959576
1993,0.49813331565125174
1994,0.4981289757082068
1995,0.4981246235138539
1996,0.4981202590213777
1997,0.498115882183754
1998,0.49811149295374857
1999,0.49810709128391606
2000,0.4981026771265991
2001,0.4980982504339277
2002,0.4980938111578179
2003,0.49808935924997083
2004,0.49808489466187156
2005,0.4980804173447886
2006,0.49807592724977257
2007,0.4980714243276553
2008,0.49806690852904867
2009,0.498062379804344
2010,0.4980578381037103
2011,0.4980532833770943
2012,0.4980487155742187
2013,0.4980441346445811
2014,0.49803954053745364
2015,0.49803493320188086
2016,0.49803031258667985
2017,0.4980256786404387
2018,0.4980210313115154
2019,0.4980163705480368
2020,0.4980116962978975
2021,0.4980070085087591
2022,0.4980023071280488
2023,0.49799759210295885
2024,0.4979928633804446
2025,0.4979881209072242
2026,0.4979833646297774
2027,0.49797859449434406
2028,0.49797381044692357
2029,0.4979690124332733
2030,0.49796420039890815
2031,0.4979593742890984
2032,0.4979545340488699
2033,0.4979496796230021
2034,0.4979448109560267
2035,0.4979399279922274
2036,0.49793503067563843
2037,0.49793011895004313
2038,0.4979251927589729
2039,0.4979202520457065
2040,0.49791529675326857
2041,0.4979103268244283
2042,0.4979053422016986
2043,0.49790034282733486
2044,0.4978953286433337
2045,0.4978902995914319
2046,0.49788525561310537
2047,0.4978801966495675
2048,0.4978751226417685
2049,0.49787003353039405
2050,0.4978649292558639
2051,0.4978598097583308
2052,0.49785467497767955
2053,0.4978495248535255
2054,0.49784435932521337
2055,0.49783917833181623
2056,0.4978339818121339
2057,0.4978287697046922
2058,0.4978235419477415
2059,0.49781829847925524
2060,0.4978130392369293
2061,0.49780776415818007
2062,0.49780247318014376
2063,0.4977971662396745
2064,0.497791843273344
2065,0.49778650421743964
2066,0.49778114900796294
2067,0.4977757775806293
2068,0.4977703898708656
2069,0.49776498581380973
2070,0.49775956534430876
2071,0.497754128396918
2072,0.4977486749058997
2073,0.4977432048052214
2074,0.4977377180285548
2075,0.49773221450927496
2076,0.4977266941804577
2077,0.49772115697487995
2078,0.4977156028250168
2079,0.4977100316630416
2080,0.49770444342082343
2081,0.4976988380299262
2082,0.49769321542160794
2083,0.4976875755268181
2084,0.49768191827619745
2085,0.49767624360007634
2086,0.49767055142847255
2087,0.4976648416910909
2088,0.49765911431732174
2089,0.49765336923623893
2090,0.4976476063765993
2091,0.49764182566684023
2092,0.49763602703507936
2093,0.49763021040911226
2094,0.49762437571641127
2095,0.4976185228841247
2096,0.49761265183907466
2097,0.4976067625077555
2098,0.49760085481633326
2099,0.49759492869064326
2100,0.49758898405618945
2101,0.4975830208381421
2102,0.4975770389613373
2103,0.4975710383502747
2104,0.49756501892911653
2105,0.4975589806216858
2106,0.4975529233514647
2107,0.49754684704159413
2108,0.49754075161487044
2109,0.49753463699374556
2110,0.4975285031003247
2111,0.4975223498563651
2112,0.49751617718327384
2113,0.49750998500210764
2114,0.49750377323356987
2115,0.4974975417980101
2116,0.49749129061542197
2117,0.4974850196054417
2118,0.49747872868734694
2119,0.4974724177800548
2120,0.4974660868021203
2121,0.49745973567173474
2122,0.49745336430672465
2123,0.49744697262454945
2124,0.49744056054230057
2125,0.49743412797669917
2126,0.4974276748440951
2127,0.49742120106046483
2128,0.4974147065414103
2129,0.49740819120215707
2130,0.49740165495755223
2131,0.4973950977220637
2132,0.4973885194097778
2133,0.49738191993439823
2134,0.4973752992092436
2135,0.4973686571472466
2136,0.4973619936609518
2137,0.4973553086625142
2138,0.49734860206369735
2139,0.49734187377587225
2140,0.49733512371001476
2141,0.4973283517767044
2142,0.49732155788612287
2143,0.4973147419480517
2144,0.4973079038718712
2145,0.4973010435665582
2146,0.4972941609406845
2147,0.4972872559024156
2148,0.4972803283595081
2149,0.4972733782193083
2150,0.49726640538875067
2151,0.49725940977435595
2152,0.49725239128222937
2153,0.4972453498180587
2154,0.4972382852871125
2155,0.4972311975942387
2156,0.49722408664386253
2157,0.4972169523399844
2158,0.4972097945861784
2159,0.4972026132855907
2160,0.4971954083409377
2161,0.49718817965450324
2162,0.497180927128138
2163,0.49717365066325725
2164,0.49716635016083843
2165,0.49715902552142005
2166,0.4971516766450995
2167,0.49714430343153104
2168,0.497136905779924
2169,0.49712948358904124
2170,0.4971220367571968
2171,0.4971145651822536
2172,0.4971070687616229
2173,0.4970995473922609
2174,0.49709200097066797
2175,0.49708442939288555
2176,0.49707683255449553
2177,0.4970692103506169
2178,0.497061562675905
2179,0.49705388942454876
2180,0.49704619049026905
2181,0.4970384657663167
2182,0.4970307151454707
2183,0.49702293852003554
2184,0.49701513578183953
2185,0.49700730682223354
2186,0.49699945153208747
2187,0.49699156980179
2188,0.4969836615212446
2189,0.49697572657986916
2190,0.4969677648665932
2191,0.49695977626985566
2192,0.49695176067760327
2193,0.496943717977288
2194,0.4969356480558655
2195,0.49692755079979256
2196,0.4969194260950253
2197,0.4969112738270166
2198,0.49690309388071474
2199,0.49689488614056065
2200,0.4968866504904859
2201,0.4968783868139109
2202,0.4968700949937422
2203,0.49686177491237066
2204,0.4968534264516693
2205,0.49684504949299124
2206,0.49683664391716664
2207,0.496828209604502
2208,0.49681974643477667
2209,0.49681125428724127
2210,0.49680273304061523
2211,0.49679418257308466
2212,0.4967856027623003
2213,0.49677699348537474
2214,0.4967683546188807
2215,0.4967596860388484
2216,0.4967509876207637
2217,0.49674225923956516
2218,0.4967335007696427
2219,0.4967247120848341
2220,0.4967158930584239
2221,0.49670704356314016
2222,0.496698163471153
2223,0.4966892526540708
2224,0.49668031098293985
2225,0.49667133832824034
2226,0.4966623345598848
2227,0.4966532995472153
2228,0.49664423315900175
2229,0.49663513526343883
2230,0.4966260057281437
2231,0.49661684442015375
2232,0.496607651205924
2233,0.4965984259513255
2234,0.49658916852164126
2235,0.4965798787815653
2236,0.49657055659519933
2237,0.4965612018260508
2238,0.49655181433703
2239,0.49654239399044786
2240,0.49653294064801345
2241,0.496523454170831
2242,0.4965139344193982
2243,0.4965043812536028
2244,0.49649479453272083
2245,0.4964851741154136
2246,0.49647551985972527
2247,0.49646583162308
2248,0.49645610926228
2249,0.49644635263350234
2250,0.49643656159229665
2251,0.49642673599358234
2252,0.49641687569164616
2253,0.49640698054013954
2254,0.4963970503920757
2255,0.4963870850998273
2256,0.49637708451512363
2257,0.4963670484890481
2258,0.49635697687203506
2259,0.49634686951386775
2260,0.4963367262636751
2261,0.4963265469699296
2262,0.4963163314804437
2263,0.49630607964236767
2264,0.49629579130218693
2265,0.496285466305719
2266,0.49627510449811074
2267,0.49626470572383574
2268,0.4962542698266911
2269,0.49624379664979557
2270,0.4962332860355854
2271,0.49622273782581283
2272,0.496212151861542
2273,0.49620152798314765
2274,0.4961908660303104
2275,0.4961801658420153
2276,0.49616942725654833
2277,0.49615865011149385
2278,0.4961478342437311
2279,0.49613697948943214
2280,0.4961260856840578
2281,0.4961151526623559
2282,0.49610418025835756
2283,0.49609316830537453
2284,0.49608211663599583
2285,0.49607102508208534
2286,0.49605989347477847
2287,0.49604872164447905
2288,0.49603750942085656
2289,0.4960262566328428
2290,0.49601496310862914
2291,0.4960036286756633
2292,0.4959922531606461
2293,0.49598083638952895
2294,0.4959693781875099
2295,0.49595787837903144
2296,0.49594633678777655
2297,0.4959347532366663
2298,0.49592312754785595
2299,0.49591145954273264
2300,0.4958997490419113
2301,0.49588799586523236
2302,0.4958761998317577
2303,0.4958643607597683
2304,0.4958524784667604
2305,0.4958405527694423
2306,0.49582858348373143
2307,0.49581657042475086
2308,0.4958045134068263
2309,0.4957924122434823
2310,0.49578026674743947
2311,0.4957680767306107
2312,0.49575584200409867
2313,0.4957435623781914
2314,0.4957312376623597
2315,0.49571886766525347
2316,0.49570645219469855
2317,0.49569399105769335
2318,0.4956814840604047
2319,0.49566893100816584
2320,0.49565633170547174
2321,0.4956436859559764
2322,0.4956309935624889
2323,0.4956182543269706
2324,0.49560546805053063
2325,0.49559263453342356
2326,0.4955797535750454
2327,0.4955668249739297
2328,0.4955538485277447
2329,0.4955408240332895
2330,0.4955277512864904
2331,0.4955146300823973
2332,0.49550146021518077
2333,0.4954882414781276
2334,0.4954749736636379
2335,0.49546165656322055
2336,0.495448289967491
2337,0.49543487366616623
2338,0.4954214074480623
2339,0.4954078911010895
2340,0.49539432441224984
2341,0.4953807071676326
2342,0.49536703915241087
2343,0.49535332015083766
2344,0.4953395499462427
2345,0.49532572832102817
2346,0.49531185505666536
2347,0.4952979299336904
2348,0.49528395273170095
2349,0.4952699232293526
2350,0.4952558412043544
2351,0.4952417064334656
2352,0.49522751869249126
2353,0.49521327775627977
2354,0.49519898339871704
2355,0.4951846353927244
2356,0.4951702335102539
2357,0.49515577752228424
2358,0.4951412671988175
2359,0.49512670230887507
2360,0.4951120826204937
2361,0.4950974079007212
2362,0.4950826779156131
2363,0.4950678924302284
2364,0.4950530512086261
2365,0.49503815401386
2366,0.49502320060797655
2367,0.49500819075200914
2368,0.49499312420597524
2369,0.4949780007288722
2370,0.494962820078673
2371,0.4949475820123218
2372,0.49493228628573116
2373,0.49491693265377706
2374,0.4949015208702948
2375,0.4948860506880757
2376,0.49487052185886216
2377,0.4948549341333442
2378,0.4948392872611551
2379,0.4948235809908673
2380,0.49480781506998883
2381,0.49479198924495804
2382,0.49477610326114063
2383,0.4947601568628253
2384,0.49474414979321885
2385,0.49472808179444316
2386,0.49471195260753015
2387,0.494695761972418
2388,0.49467950962794716
2389,0.49466319531185565
2390,0.49464681876077565
2391,0.4946303797102285
2392,0.49461387789462097
2393,0.4945973130472411
2394,0.4945806849002537
2395,0.49456399318469674
2396,0.49454723763047614
2397,0.4945304179663626
2398,0.49451353391998654
2399,0.49449658521783485
2400,0.49447957158524525
2401,0.49446249274640336
2402,0.49444534842433807
2403,0.4944281383409167
2404,0.4944108622168416
2405,0.49439351977164536
2406,0.4943761107236868
2407,0.49435863479014663
2408,0.49434109168702306
2409,0.4943234811291278
2410,0.49430580283008163
2411,0.4942880565023099
2412,0.49427024185703916
2413,0.4942523586042914
2414,0.49423440645288114
2415,0.49421638511041055
2416,0.4941982942832653
2417,0.49418013367661007
2418,0.4941619029943846
2419,0.4941436019392991
2420,0.49412523021283034
2421,0.494106787515217
2422,0.4940882735454559
2423,0.4940696880012969
2424,0.4940510305792394
2425,0.4940323009745279
2426,0.49401349888114754
2427,0.49399462399182004
2428,0.4939756759979993
2429,0.49395665458986704
2430,0.4939375594563291
2431,0.4939183902850105
2432,0.4938991467622518
2433,0.493879828573104
2434,0.49386043540132574
2435,0.49384096692937757
2436,0.4938214228384188
2437,0.49380180280830277
2438,0.49378210651757254
2439,0.49376233364345734
2440,0.4937424838618679
2441,0.4937225568473921
2442,0.4937025522732915
2443,0.4936824698114963
2444,0.493662309132602
2445,0.4936420699058648
2446,0.49362175179919743
2447,0.4936013544791654
2448,0.4935808776109828
2449,0.4935603208585077
2450,0.493539683884239
2451,0.49351896634931147
2452,0.49349816791349216
2453,0.49347728823517645
2454,0.4934563269713836
2455,0.49343528377775325
2456,0.4934141583085413
2457,0.4933929502166153
2458,0.4933716591534518
2459,0.4933502847691311
2460,0.493328826712334
2461,0.4933072846303377
2462,0.4932856581690122
2463,0.49326394697281617
2464,0.4932421506847931
2465,0.49322026894656745
2466,0.4931983013983412
2467,0.49317624767888946
2468,0.49315410742555754
2469,0.49313188027425653
2470,0.49310956585945964
2471,0.49308716381419865
2472,0.4930646737700608
2473,0.49304209535718424
2474,0.4930194282042545
2475,0.49299667193850194
2476,0.4929738261856972
2477,0.4929508905701476
2478,0.4929278647146943
2479,0.49290474824070873
2480,0.4928815407680883
2481,0.4928582419152546
2482,0.4928348512991482
2483,0.4928113685352262
2484,0.4927877932374596
2485,0.49276412501832834
2486,0.4927403634888199
2487,0.4927165082584245
2488,0.492692558935133
2489,0.4926685151254333
2490,0.49264437643430714
2491,0.49262014246522745
2492,0.4925958128201548
2493,0.4925713870995349
2494,0.4925468649022954
2495,0.492522245825843
2496,0.4924975294660603
2497,0.49247271541730375
2498,0.4924478032724001
2499,0.49242279262264393
2500,0.49239768305779497
2501,0.49237247416607544
2502,0.49234716553416724
2503,0.4923217567472101
2504,0.492296247388798
2505,0.4922706370409774
2506,0.49224492528424496
2507,0.4922191116975445
2508,0.49219319585826504
2509,0.49216717734223897
2510,0.4921410557237392
2511,0.492114830575477
2512,0.4920885014686004
2513,0.4920620679726917
2514,0.4920355296557657
2515,0.4920088860842675
2516,0.49198213682307124
2517,0.4919552814354772
2518,0.4919283194832111
2519,0.49190125052642175
2520,0.4918740741236798
2521,0.4918467898319757
2522,0.49181939720671863
2523,0.4917918958017348
2524,0.4917642851692659
2525,0.4917365648599683
2526,0.4917087344229111
2527,0.4916807934055755
2528,0.49165274135385345
2529,0.4916245778120464
2530,0.49159630232286483
2531,0.4915679144274266
2532,0.4915394136652567
2533,0.49151079957428634
2534,0.49148207169085223
2535,0.4914532295496954
2536,0.4914242726839618
2537,0.4913952006252009
2538,0.4913660129033654
2539,0.49133670904681137
2540,0.4913072885822974
2541,0.49127775103498517
2542,0.49124809592843854
2543,0.4912183227846243
2544,0.49118843112391164
2545,0.49115842046507274
2546,0.4911282903252832
2547,0.4910980402201217
2548,0.49106766966357096
2549,0.49103717816801806
2550,0.4910065652442553
2551,0.4909758304014805
2552,0.49094497314729846
2553,0.4909139929877208
2554,0.49088288942716807
2555,0.4908516619684701
2556,0.4908203101128673
2557,0.49078883336001233
2558,0.49075723120797105
2559,0.49072550315322394
2560,0.4906936486906681
2561,0.4906616673136185
2562,0.4906295585138103
2563,0.49059732178139964
2564,0.49056495660496724
2565,0.49053246247151905
2566,0.49049983886648907
2567,0.49046708527374194
2568,0.49043420117557474
2569,0.4904011860527199
2570,0.49036803938434786
2571,0.4903347606480697
2572,0.49030134931994024
2573,0.4902678048744603
2574,0.4902341267845812
2575,0.4902003145217064
2576,0.4901663675556963
2577,0.4901322853548704
2578,0.4900980673860117
2579,0.4900637131143707
2580,0.4900292220036681
2581,0.4899945935161
2582,0.4899598271123409
2583,0.48992492225154904
2584,0.4898898783913697
2585,0.4898546949879405
2586,0.4898193714958955
2587,0.4897839073683701
2588,0.48974830205700615
2589,0.48971255501195665
2590,0.48967666568189105
2591,0.48964063351400067
2592,0.48960445795400376
2593,0.4895681384461514
2594,0.4895316744332334
2595,0.4894950653565838
2596,0.4894583106560868
2597,0.48942140977018345
2598,0.4893843621358773
2599,0.4893471671887415
2600,0.489309824362925
2601,0.48927233309115936
2602,0.48923469280476584
2603,0.489196902933662
2604,0.48915896290636984
2605,0.4891208721500222
2606,0.48908263009037073
2607,0.48904423615179393
2608,0.48900568975730424
2609,0.48896699032855684
2610,0.4889281372858571
2611,0.4888891300481699
2612,0.48884996803312686
2613,0.48881065065703655
2614,0.48877117733489206
2615,0.4887315474803805
2616,0.4886917605058926
2617,0.48865181582253137
2618,0.4886117128401225
2619,0.4885714509672231
2620,0.4885310296111327
2621,0.488490448177902
2622,0.4884497060723448
2623,0.4884088026980469
2624,0.4883677374573777
2625,0.48832650975150105
2626,0.48828511898038535
2627,0.48824356454281587
2628,0.48820184583640536
2629,0.48815996225760605
2630,0.48811791320172115
2631,0.4880756980629173
2632,0.4880333162342358
2633,0.48799076710760614
2634,0.4879480500738578
2635,0.487905164522733
2636,0.48786210984290024
2637,0.4878188854219667
2638,0.4877754906464921
2639,0.48773192490200246
2640,0.48768818757300314
2641,0.4876442780429936
2642,0.4876001956944811
2643,0.4875559399089954
2644,0.48751151006710314
2645,0.4874669055484229
2646,0.48742212573164023
2647,0.4873771699945226
2648,0.4873320377139353
2649,0.48728672826585695
2650,0.48724124102539557
2651,0.48719557536680413
2652,0.4871497306634982
2653,0.487103706288071
2654,0.4870575016123112
2655,0.48701111600722
2656,0.4869645488430279
2657,0.48691779948921254
2658,0.48687086731451634
2659,0.48682375168696457
2660,0.4867764519738836
2661,0.48672896754191874
2662,0.48668129775705404
2663,0.4866334419846304
2664,0.48658539958936486
2665,0.48653716993536994
2666,0.4864887523861735
2667,0.4864401463047391
2668,0.4863913510534847
2669,0.48634236599430447
2670,0.48629319048858877
2671,0.4862438238972451
2672,0.48619426558071915
2673,0.4861445148990166
2674,0.486094571211724
2675,0.48604443387803153
2676,0.48599410225675416
2677,0.4859435757063552
2678,0.48589285358496787
2679,0.48584193525041874
2680,0.48579082006025087
2681,0.4857395073717473
2682,0.4856879965419544
2683,0.4856362869277064
2684,0.4855843778856488
2685,0.4855322687722634
2686,0.48547995894389345
2687,0.4854274477567674
2688,0.4853747345670255
2689,0.4853218187307444
2690,0.48526869960396385
2691,0.48521537654271174
2692,0.4851618489030311
2693,0.485108116041007
2694,0.48505417731279277
2695,0.4850000320746374
2696,0.48494567968291347
2697,0.48489111949414415
2698,0.48483635086503163
2699,0.4847813731524854
2700,0.4847261857136505
2701,0.4846707879059369
2702,0.4846151790870479
2703,0.48455935861501026
2704,0.4845033258482033
2705,0.48444708014538923
2706,0.484390620865743
2707,0.4843339473688834
2708,0.48427705901490303
2709,0.4842199551644005
2710,0.48416263517851055
2711,0.48410509841893656
2712,0.4840473442479824
2713,0.48398937202858416
2714,0.4839311811243433
2715,0.4838727708995587
2716,0.48381414071926054
2717,0.48375528994924316
2718,0.48369621795609846
2719,0.4836369241072508
2720,0.4835774077709898
2721,0.48351766831650667
2722,0.48345770511392683
2723,0.48339751753434695
2724,0.483337104949869
2725,0.48327646673363656
2726,0.48321560225987037
2727,0.4831545109039049
2728,0.48309319204222456
2729,0.48303164505250074
2730,0.4829698693136285
2731,0.48290786420576426
2732,0.48284562911036344
2733,0.482783163410218
2734,0.4827204664894954
2735,0.48265753773377573
2736,0.48259437653009224
2737,0.482530982266969
2738,0.482467354334461
2739,0.4824034921241929
2740,0.48233939502940026
2741,0.4822750624449681
2742,0.4822104937674729
2743,0.482145688395222
2744,0.48208064572829584
2745,0.4820153651685877
2746,0.4819498461198467
2747,0.4818840879877188
2748,0.48181809017978916
2749,0.4817518521056241
2750,0.4816853731768145
2751,0.48161865280701804
2752,0.481551690412002
2753,0.48148448540968813
2754,0.4814170372201944
2755,0.48134934526588075
2756,0.4812814089713918
2757,0.48121322776370246
2758,0.48114480107216157
2759,0.48107612832853774
2760,0.4810072089670643
2761,0.4809380424244843
2762,0.4808686281400971
2763,0.48079896555580326
2764,0.48072905411615197
2765,0.4806588932683856
2766,0.4805884824624892
2767,0.4805178211512344
2768,0.48044690879022844
2769,0.4803757448379613
2770,0.4803043287558524
2771,0.48023266000829956
2772,0.4801607380627262
2773,0.48008856238963005
2774,0.48001613246263153
2775,0.4799434477585227
2776,0.4798705077573152
2777,0.47979731194229075
2778,0.4797238598000496
2779,0.47965015082056
2780,0.4795761844972083
2781,0.47950196032684866
2782,0.47942747780985384
2783,0.47935273645016374
2784,0.47927773575533755
2785,0.4792024752366042
2786,0.4791269544089125
2787,0.4790511727909824
2788,0.47897512990535657
2789,0.47889882527845085
2790,0.4788222584406071
2791,0.47874542892614347
2792,0.478668336273407
2793,0.4785909800248255
2794,0.4785133597269594
2795,0.47843547493055394
2796,0.47835732519059193
2797,0.47827891006634604
2798,0.47820022912143134
2799,0.478121281923858
2800,0.47804206804608423
2801,0.4779625870650695
2802,0.47788283856232705
2803,0.4778028221239777
2804,0.4777225373408023
2805,0.477641983808296
2806,0.4775611611267211
2807,0.4774800689011608
2808,0.47739870674157214
2809,0.477317074262841
2810,0.47723517108483426
2811,0.47715299683245493
2812,0.47707055113569474
2813,0.47698783362968916
2814,0.47690484395477006
2815,0.4768215817565209
2816,0.47673804668582964
2817,0.4766542383989433
2818,0.47657015655752166
2819,0.47648580082869163
2820,0.4764011708851002
2821,0.47631626640496993
2822,0.4762310870721519
2823,0.47614563257617937
2824,0.4760599026123228
2825,0.4759738968816427
2826,0.4758876150910437
2827,0.47580105695332925
2828,0.47571422218725334
2829,0.4756271105175761
2830,0.4755397216751167
2831,0.47545205539680613
2832,0.4753641114257421
2833,0.4752758895112406
2834,0.47518738940889066
2835,0.4750986108806066
2836,0.4750095536946811
2837,0.47492021762583836
2838,0.4748306024552865
2839,0.4747407079707703
2840,0.47465053396662354
2841,0.4745600802438217
2842,0.47446934661003304
2843,0.47437833287967174
2844,0.47428703887394885
2845,0.4741954644209242
2846,0.4741036093555574
2847,0.4740114735197595
2848,0.47391905676244345
2849,0.4738263589395749
2850,0.47373337991422293
2851,0.47364011955661
2852,0.47354657774416187
2853,0.47345275436155765
2854,0.4733586493007783
2855,0.4732642624611577
2856,0.47316959374942885
2857,0.47307464307977487
2858,0.4729794103738757
2859,0.4728838955609568
2860,0.4727880985778363
2861,0.47269201936897265
2862,0.4725956578865113
2863,0.472499014090331
2864,0.4724020879480911
2865,0.47230487943527577
2866,0.47220738853524075
2867,0.4721096152392575
2868,0.4720115595465588
2869,0.4719132214643822
2870,0.47181460100801376
2871,0.47171569820083215
2872,0.47161651307435093
2873,0.47151704566826136
2874,0.4714172960304742
2875,0.4713172642171617
2876,0.4712169502927973
2877,0.47111635433019894
2878,0.47101547641056574
2879,0.4709143166235204
2880,0.4708128750671461
2881,0.47071115184802675
2882,0.4706091470812836
2883,0.4705068608906138
2884,0.4704042934083259
2885,0.4703014447753775
2886,0.47019831514140986
2887,0.47009490466478365
2888,0.46999121351261336
2889,0.469887241860801
2890,0.4697829898940691
2891,0.46967845780599393
2892,0.4695736457990376
2893,0.4694685540845783
2894,0.469363182882942
2895,0.46925753242343266
2896,0.4691516029443603
2897,0.46904539469307066
2898,0.46893890792597304
2899,0.4688321429085671
2900,0.4687250999154698
2901,0.4686177792304409
2902,0.46851018114640786
2903,0.4684023059654907
2904,0.4682941539990249
2905,0.4681857255675845
2906,0.4680770210010038
2907,0.4679680406383995
2908,0.4678587848281893
2909,0.4677492539281134
2910,0.46763944830525184
2911,0.4675293683360431
2912,0.46741901440630196
2913,0.4673083869112339
2914,0.4671974862554521
2915,0.467086312852992
2916,0.4669748671273237
2917,0.4668631495113663
2918,0.46675116044749876
2919,0.46663890038757166
2920,0.46652636979291695
2921,0.4664135691343575
2922,0.4663004988922151
2923,0.46618715955631784
2924,0.46607355162600717
2925,0.4659596756101427
2926,0.465845532027107
2927,0.46573112140480993
2928,0.46561644428069004
2929,0.46550150120171707
2930,0.4653862927243925
2931,0.46527081941474946
2932,0.46515508184835097
2933,0.4650390806102883
2934,0.46492281629517695
2935,0.4648062895071533
2936,0.46468950085986815
2937,0.4645724509764819
2938,0.46445514048965575
2939,0.46433757004154375
2940,0.4642197402837843
2941,0.464101651877488
2942,0.4639833054932272
2943,0.4638647018110239
2944,0.4637458415203344
2945,0.46362672532003624
2946,0.46350735391841164
2947,0.4633877280331304
2948,0.4632678483912324
2949,0.4631477157291089
2950,0.46302733079248104
2951,0.4629066943363803
2952,0.4627858071251246
2953,0.4626646699322966
2954,0.46254328354071705
2955,0.4624216487424213
2956,0.4622997663386309
2957,0.4621776371397268
2958,0.4620552619652195
2959,0.46193264164371994
2960,0.4618097770129074
2961,0.4616866689194975
2962,0.4615633182192087
2963,0.46143972577672804
2964,0.4613158924656748
2965,0.46119181916856405
2966,0.4610675067767689
2967,0.4609429561904804
2968,0.46081816831866884
2969,0.46069314407904105
2970,0.46056788439799834
2971,0.4604423902105935
2972,0.46031666246048475
2973,0.4601907020998911
2974,0.46006451008954485
2975,0.45993808739864317
2976,0.4598114350047994
2977,0.4596845538939921
2978,0.4595574450605142
2979,0.45943010950691976
2980,0.4593025482439704
2981,0.45917476229058085
2982,0.4590467526737622
2983,0.45891852042856596
2984,0.4587900665980246
2985,0.45866139223309305
2986,0.45853249839258814
2987,0.4584033861431268
2988,0.4582740565590649
2989,0.4581445107224309
2990,0.45801474972286393
2991,0.45788477465754623
2992,0.457754586631137
2993,0.4576241867557038
2994,0.45749357615065467
2995,0.45736275594266684
2996,0.45723172726561623
2997,0.45710049126050517
2998,0.4569690490753894
2999,0.4568374018653033
3000,0.45670555079218533
3001,0.45657349702480143
3002,0.45644124173866757
3003,0.45630878611597125
3004,0.4561761313454936
3005,0.45604327862252736
3006,0.4559102291487963
3007,0.4557769841323739
3008,0.4556435447875985
3009,0.455509912334991
3010,0.45537608800116797
3011,0.4552420730187573
3012,0.45510786862631014
3013,0.4549734760682138
3014,0.4548388965946022
3015,0.45470413146126754
3016,0.454569181929568
3017,0.4544340492663381
3018,0.45429873474379534
3019,0.4541632396394474
3020,0.4540275652359983
3021,0.4538917128212536
3022,0.4537556836880249
3023,0.45361947913403255
3024,0.45348310046181006
3025,0.45334654897860466
3026,0.45320982599627957
3027,0.45307293283121375
3028,0.4529358708042017
3029,0.4527986412403533
3030,0.4526612454689909
3031,0.4525236848235478
3032,0.45238596064146464
3033,0.4522480742640855
3034,0.4521100270365543
3035,0.4519718203077083
3036,0.45183345542997366
3037,0.4516949337592579
3038,0.45155625665484367
3039,0.4514174254792807
3040,0.4512784415982778
3041,0.45113930638059374
3042,0.45100002119792865
3043,0.4508605874248129
3044,0.4507210064384978
3045,0.4505812796188444
3046,0.4504414083482114
3047,0.4503013940113437
3048,0.4501612379952604
3049,0.45002094168914125
3050,0.4498805064842132
3051,0.4497399337736373
3052,0.44959922495239457
3053,0.4494583814171705
3054,0.44931740456624125
3055,0.4491762957993575
3056,0.449035056517629
3057,0.44889368812340896
3058,0.44875219202017724
3059,0.44861056961242374
3060,0.44846882230553187
3061,0.4483269515056606
3062,0.4481849586196279
3063,0.44804284505479225
3064,0.44790061221893496
3065,0.44775826152014214
3066,0.44761579436668586
3067,0.44747321216690644
3068,0.4473305163290924
3069,0.44718770826136267
3070,0.4470447893715471
3071,0.4469017610670675
3072,0.44675862475481787
3073,0.44661538184104566
3074,0.44647203373123157
3075,0.4463285818299706
3076,0.44618502754085243
3077,0.4460413722663411
3078,0.4458976174076563
3079,0.44575376436465314
3080,0.44560981453570236
3081,0.4454657693175712
3082,0.4453216301053029
3083,0.4451773982920985
3084,0.44503307526919594
3085,0.4448886624257513
3086,0.4447441611487196
3087,0.44459957282273466
3088,0.44445489882999123
3089,0.44431014055012497
3090,0.44416529936009397
3091,0.44402037663406013
3092,0.44387537374327024
3093,0.44373029205593817
3094,0.44358513293712576
3095,0.44343989774862613
3096,0.4432945878488449
3097,0.4431492045926826
3098,0.4430037493314186
3099,0.4428582234125923
3100,0.4427126281798879
3101,0.44256696497301723
3102,0.4424212351276033
3103,0.4422754399750648
3104,0.4421295808425004
3105,0.44198365905257364
3106,0.4418376759233972
3107,0.44169163276841933
3108,0.44154553089630877
3109,0.4413993716108413
3110,0.44125315621078615
3111,0.4411068859897925
3112,0.4409605622362769
3113,0.44081418623331126
3114,0.4406677592585103
3115,0.4405212825839203
3116,0.4403747574759078
3117,0.4402281851950489
3118,0.4400815669960193
3119,0.4399349041274841
3120,0.4397881978319884
3121,0.43964144934584864
3122,0.4394946598990441
3123,0.439347830715109
3124,0.43920096301102457
3125,0.43905405799711184
3126,0.43890711687692674
3127,0.43876014084715187
3128,0.43861313109749256
3129,0.438466088810571
3130,0.43831901516182203
3131,0.43817191131938926
3132,0.4380247784440212
3133,0.4378776176889685
3134,0.4377304301998818
3135,0.4375832171147091
3136,0.4374359795635951
3137,0.4372887186687803
3138,0.4371414355445
3139,0.43699413129688525
3140,0.43684680702386336
3141,0.43669946381505903
3142,0.4365521027516968
3143,0.43640472490650273
3144,0.4362573313436078
3145,0.43610992311845104
3146,0.43596250127768427
3147,0.4358150668590758
3148,0.43566762089141653
3149,0.4355201643944244
3150,0.4353726983786518
3151,0.4352252238453918
3152,0.4350777417865853
3153,0.43493025318472944
3154,0.43478275901278496
3155,0.43463526023408655
3156,0.4344877578022509
3157,0.4343402526610879
3158,0.4341927457445099
3159,0.4340452379764439
3160,0.43389773027074263
3161,0.4337502235310959
3162,0.43360271865094474
3163,0.4334552165133929
3164,0.4333077179911211
3165,0.43316022394630166
3166,0.4330127352305119
3167,0.43286525268465026
3168,0.43271777713885096
3169,0.4325703094124004
3170,0.4324228503136537
3171,0.4322754006399513
3172,0.43212796117753693
3173,0.4319805327014747
3174,0.4318331159755674
3175,0.43168571175227577
3176,0.4315383207726371
3177,0.431390943766185
3178,0.4312435814508686
3179,0.43109623453297385
3180,0.43094890370704336
3181,0.4308015896557983
3182,0.43065429305005876
3183,0.43050701454866624
3184,0.43035975479840516
3185,0.4302125144339266
3186,0.4300652940776688
3187,0.42991809433978273
3188,0.4297709158180535
3189,0.4296237590978248
3190,0.42947662475192305
3191,0.429329513340581
3192,0.42918242541136276
3193,0.4290353614990874
3194,0.42888832212575556
3195,0.4287413078004728
3196,0.42859431901937606
3197,0.4284473562655581
3198,0.42830042000899426
3199,0.4281535107064677
3200,0.42800662880149504
3201,0.427859774724253
3202,0.42771294889150435
3203,0.427566151706524
3204,0.4274193835590255
3205,0.4272726448250873
3206,0.4271259358670796
3207,0.42697925703359
3208,0.42683260865935146
3209,0.4266859910651669
3210,0.4265394045578377
3211,0.4263928494300878
3212,0.42624632596049306
3213,0.42609983441340443
3214,0.42595337503887687
3215,0.42580694807259334
3216,0.4256605537357924
3217,0.4255141922351935
3218,0.4253678637629223
3219,0.4252215684964366
3220,0.4250753065984517
3221,0.4249290782168659
3222,0.42478288348468396
3223,0.42463672251994344
3224,0.42449059542563794
3225,0.4243445022896415
3226,0.4241984431846324
3227,0.4240524181680163
3228,0.42390642728184985
3229,0.42376047055276245
3230,0.4236145479918793
3231,0.4234686595947428
3232,0.4233228053412346
3233,0.4231769851954952
3234,0.42303119910584575
3235,0.4228854470047074
3236,0.42273972880852095
3237,0.4225940444176654
3238,0.4224483937163763
3239,0.42230277657266374
3240,0.422157192838229
3241,0.4220116423483815
3242,0.42186612492195413
3243,0.42172064036121826
3244,0.42157518845179853
3245,0.4214297689625862
3246,0.42128438164565174
3247,0.42113902623615773
3248,0.420993702452269
3249,0.4208484099950638
3250,0.4207031485484437
3251,0.42055791777904095
3252,0.42041271733612745
3253,0.4202675468515214
3254,0.42012240593949235
3255,0.4199772941966672
3256,0.4198322112019335
3257,0.4196871565163417
3258,0.41954212968300847
3259,0.41939713022701547
3260,0.41925215765531026
3261,0.41910721145660457
3262,0.4189622911012706
3263,0.4188173960412378
3264,0.418672525709888
3265,0.4185276795219476
3266,0.4183828568733815
3267,0.4182380571412826
3268,0.4180932796837623
3269,0.4179485238398384
3270,0.4178037889293219
3271,0.4176590742527022
3272,0.41751437909103184
3273,0.41736970270580775
3274,0.4172250443388531
3275,0.41708040321219675
3276,0.4169357785279503
3277,0.41679116946818506
3278,0.4166465751948061
3279,0.41650199484942557
3280,0.4163574275532336
3281,0.41621287240686833
3282,0.41606832849028286
3283,0.41592379486261155
3284,0.41577927056203484
3285,0.41563475460564026
3286,0.41549024598928364
3287,0.4153457436874477
3288,0.415201246653098
3289,0.41505675381753815
3290,0.41491226409026183
3291,0.4147677763588033
3292,0.4146232894885862
3293,0.4144788023227699
3294,0.41433431368209317
3295,0.4141898223647167
3296,0.41404532714606246
3297,0.4139008267786516
3298,0.4137563199919393
3299,0.4136118054921487
3300,0.41346728196210003
3301,0.41332274806103986
3302,0.4131782024244672
3303,0.4130336436639557
3304,0.412889070366975
3305,0.4127444810967103
3306,0.4125998743918766
3307,0.41245524876653217
3308,0.41231060270988995
3309,0.41216593468612467
3310,0.41202124313417854
3311,0.4118765264675639
3312,0.4117317830741618
3313,0.41158701131602093
3314,0.41144220952914967
3315,0.41129737602330857
3316,0.41115250908179785
3317,0.4110076069612437
3318,0.41086266789137965
3319,0.41071769007482606
3320,0.41057267168686706
3321,0.41042761087522234
3322,0.41028250575981884
3323,0.41013735443255595
3324,0.4099921549570703
3325,0.4098469053684952
3326,0.40970160367321806
3327,0.4095562478486344
3328,0.4094108358428973
3329,0.40926536557466553
3330,0.4091198349328457
3331,0.408974241776333
3332,0.40882858393374744
3333,0.4086828592031668
3334,0.40853706535185585
3335,0.4083912001159915
3336,0.4082452612003853
3337,0.4080992462782018
3338,0.4079531529906719
3339,0.4078069789468044
3340,0.40766072172309253
3341,0.40751437886321695
3342,0.40736794787774366
3343,0.40722142624382074
3344,0.40707481140486756
3345,0.406928100770263
3346,0.4067812917150273
3347,0.4066343815795015
3348,0.4064873676690207
3349,0.40634024725358686
3350,0.40619301756753146
3351,0.4060456758091799
3352,0.40589821914050783
3353,0.40575064468679417
3354,0.4056029495362698
3355,0.4054551307397622
3356,0.4053071853103345
3357,0.4051591102229204
3358,0.405010902413956
3359,0.40486255878100375
3360,0.40471407618237565
3361,0.40456545143674855
3362,0.40441668132277653
3363,0.40426776257869756
3364,0.4041186919019366
3365,0.40396946594870137
3366,0.40382008133357683
3367,0.4036705346291106
3368,0.40352082236539766
3369,0.40337094102965587
3370,0.40322088706580006
3371,0.40307065687400795
3372,0.4029202468102838
3373,0.4027696531860146
3374,0.402618872267522
3375,0.40246790027560914
3376,0.4023167333851021
3377,0.40216536772438555
3378,0.4020137993749332
3379,0.4018620243708336
3380,0.40171003869830957
3381,0.4015578382952324
3382,0.4014054190506313
3383,0.40125277680419547
3384,0.4010999073457729
3385,0.400946806414862
3386,0.40079346970009755
3387,0.4006398928387321
3388,0.4004860714161106
3389,0.40033200096513966
3390,0.40017767696575074
3391,0.4000230948443585
3392,0.3998682499733114
3393,0.3997131376703385
3394,0.39955775319798903
3395,0.3994020917630665
3396,0.39924614851605666
3397,0.39908991855054937
3398,0.3989333969026544
3399,0.3987765785504118
3400,0.39861945841319546
3401,0.39846203135111063
3402,0.39830429216438523
3403,0.3981462355927555
3404,0.39798785631484557
3405,0.39782914894753885
3406,0.39767010804534636
3407,0.39751072809976573
3408,0.39735100353863595
3409,0.3971909287254848
3410,0.39703049795887047
3411,0.39686970547171596
3412,0.3967085454306386
3413,0.396547011935271
3414,0.3963850990175776
3415,0.39622280064116455
3416,0.39606011070058056
3417,0.39589702302061625
3418,0.3957335313555902
3419,0.3955696293886366
3420,0.3954053107309785
3421,0.39524056892119996
3422,0.39507539742450964
3423,0.39490978963199735
3424,0.3947437388598858
3425,0.3945772383487738
3426,0.3944102812628739
3427,0.39424286068924386
3428,0.3940749696370107
3429,0.39390660103658814
3430,0.3937377477388888
3431,0.39356840251452757
3432,0.39339855805302054
3433,0.39322820696197613
3434,0.3930573417662806
3435,0.392885954907275
3436,0.39271403874192856
3437,0.3925415855420024
3438,0.3923685874932099
3439,0.39219503669436684
3440,0.39202092515653897
3441,0.39184624480218005
3442,0.39167098746426454
3443,0.3914951448854143
3444,0.3913187087170182
3445,0.39114167051834525
3446,0.39096402175565204
3447,0.39078575380128255
3448,0.3906068579327635
3449,0.3904273253318915
3450,0.3902471470838158
3451,0.39006631417611226
3452,0.3898848174978544
3453,0.38970264783867553
3454,0.38951979588782637
3455,0.3893362522332254
3456,0.3891520073605053
3457,0.38896705165205103
3458,0.3887813753860332
3459,0.3885949687354354
3460,0.3884078217670769
3461,0.38821992444062753
3462,0.3880312666076189
3463,0.38784183801044775
3464,0.38765162828137734
3465,0.38746062694152983
3466,0.387268823399876
3467,0.3870762069522179
3468,0.3868827667801673
3469,0.3866884919501197
3470,0.3864933714122215
3471,0.38629739399933527
3472,0.3861005484259965
3473,0.3859028232873697
3474,0.3857042070581972
3475,0.385504688091745
3476,0.38530425461874385
3477,0.38510289474632686
3478,0.38490059645696173
3479,0.38469734760738206
3480,0.3844931359275115
3481,0.3842879490193866
3482,0.38408177435607715
3483,0.383874599280601
3484,0.383666411004837
3485,0.38345719660843636
3486,0.3832469430377303
3487,0.3830356371046352
3488,0.382823265485556
3489,0.3826098147202884
3490,0.3823952712109182
3491,0.3821796212207198
3492,0.38196285087305426
3493,0.3817449461502645
3494,0.381525892892572
3495,0.3813056767969718
3496,0.3810842834161284
3497,0.3808616981572712
3498,0.3806379062810903
3499,0.3804128929006336
3500,0.38018664298020616
3501,0.37995914133426845
3502,0.37973037262633946
3503,0.3795003213678995
3504,0.37926897191729875
3505,0.3790363084786653
3506,0.37880231510081996
3507,0.3785669756761929
3508,0.3783302739397455
3509,0.37809219346789646
3510,0.37785271767745515
3511,0.37761182982455765
3512,0.3773695130036122
3513,0.3771257501462494
3514,0.37688052402028116
3515,0.37663381722866646
3516,0.37638561220848715
3517,0.37613589122993085
3518,0.3758846363952872
3519,0.3756318296379496
3520,0.37537745272143297
3521,0.37512148723839994
3522,0.37486391460970125
3523,0.37460471608342927
3524,0.37434387273398473
3525,0.3740813654611596
3526,0.3738171749892335
3527,0.37355128186608977
3528,0.3732836664623456
3529,0.3730143089705027
3530,0.3727431894041159
3531,0.37247028759698186
3532,0.3721955832023506
3533,0.3719190556921562
3534,0.371640684356273
3535,0.37136044830179504
3536,0.37107832645234096
3537,0.37079429754738485
3538,0.37050834014161593
3539,0.37022043260432547
3540,0.369930553118825
3541,0.3696386796818949
3542,0.36934479010326643
3543,0.36904886200513654
3544,0.36875087282172003
3545,0.3684507997988361
3546,0.36814861999353454
3547,0.36784431027376163
3548,0.3675378473180664
3549,0.3672292076153509
3550,0.366918367464664
3551,0.3666053029750417
3552,0.36628999006539553
3553,0.3659724044644501
3554,0.36565252171073226
3555,0.3653303171526136
3556,0.3650057659484072
3557,0.36467884306652426
3558,0.36434952328568504
3559,0.36401778119519596
3560,0.3636835911952868
3561,0.3633469274975131
3562,0.3630077641252284
3563,0.3626660749141243
3564,0.36232183351284203
3565,0.3619750133836612
3566,0.361625587803262
3567,0.3612735298635683
3568,0.3609188124726731
3569,0.3605614083558457
3570,0.36020129005662854
3571,0.35983842993802206
3572,0.35947280018376093
3573,0.3591043727996871
3574,0.35873311961521903
3575,0.3583590122849226
3576,0.35798202229018417
3577,0.35760212094099186
3578,0.3572192793778247
3579,0.35683346857365483
3580,0.3564446593360666
3581,0.35605282230949187
3582,0.35565792797757007
3583,0.35525994666563265
3584,0.3548588485433146
3585,0.3544546036273011
3586,0.3540471817842067
3587,0.3536365527335953
3588,0.3532226860511415
3589,0.35280555117193835
3590,0.3523851173939553
3591,0.3519613538816473
3592,0.3515342296697228
3593,0.35110371366707294
3594,0.35066977466086124
3595,0.3502323813207857
3596,0.3497915022035108
3597,0.3493471057572745
3598,0.3488991603266771
3599,0.34844763415765156
3600,0.34799249540262156
3601,0.3475337121258524
3602,0.34707125230899427
3603,0.3466050838568282
3604,0.3461351746032118
3605,0.34566149231723475
3606,0.3451840047095829
3607,0.34470267943912003
3608,0.34421748411968567
3609,0.3437283863271181
3610,0.3432353536065026
3611,0.3427383534796505
3612,0.34223735345281375
3613,0.3417323210246352
3614,0.3412232236943446
3615,0.3407100289701962
3616,0.34019270437815885
3617,0.3396712174708567
3618,0.33914553583676893
3619,0.3386156271096863
3620,0.33808145897843367
3621,0.33754299919685726
3622,0.33700021559408266
3623,0.3364530760850456
3624,0.3359015486812975
3625,0.3353456015020905
3626,0.3347852027857437
3627,0.3342203209012927
3628,0.3336509243604275
3629,0.3330769818297138
3630,0.3324984621431121
3631,0.33191533431478293
3632,0.3313275675521895
3633,0.3307351312694968
3634,0.33013799510126407
3635,0.32953612891643924
3636,0.32892950283265004
3637,0.32831808723079625
3638,0.32770185276993885
3639,0.32708077040249384
3640,0.32645481138972077
3641,0.3258239473175142
3642,0.3251881501124919
3643,0.32454739205838046
3644,0.32390164581269676
3645,0.3232508844237252
3646,0.32259508134778314
3647,0.3219342104667799
3648,0.32126824610605914
3649,0.320597163052526
3650,0.3199209365730541
3651,0.3192395424331659
3652,0.3185529569159864
3653,0.3178611568414614
3654,0.3171641195858359
3655,0.31646182310138815
3656,0.3157542459364107
3657,0.3150413672554338
3658,0.3143231668596813
3659,0.31359962520775464
3660,0.31287072343653133
3661,0.31213644338227564
3662,0.31139676760194535
3663,0.310651679394689
3664,0.30990116282352087
3665,0.3091452027371647
3666,0.3083837847920502
3667,0.30761689547445514
3668,0.30684452212277535
3669,0.3060666529499134
3670,0.30528327706576813
3671,0.3044943844998105
3672,0.30369996622373574
3673,0.3029000141741667
3674,0.3020945212753994
3675,0.30128348146217
3676,0.30046688970242663
3677,0.2996447420200853
3678,0.29881703551775357
3679,0.29798376839940177
3680,0.29714493999295843
3681,0.29630055077281303
3682,0.2954506023822018
3683,0.2945950976554556
3684,0.2937340406400861
3685,0.2928674366186883
3686,0.2919952921306345
3687,0.2911176149935357
3688,0.29023441432444563
3689,0.2893457005607809
3690,0.2884514854809344
3691,0.2875517822245497
3692,0.286646605312439
3693,0.2857359706661041
3694,0.2848198956268482
3695,0.2838983989744377
3696,0.2829715009452929
3697,0.28203922325017444
3698,0.281101589091343
3699,0.28015862317915524
3700,0.27921035174807285
3701,0.27825680257205143
3702,0.2772980049792827
3703,0.2763339898662581
3704,0.2753647897111243
3705,0.27439043858630274
3706,0.27341097217034194
3707,0.2724264277589728
3708,0.27143684427534137
3709,0.2704422622793823
3710,0.26944272397631414
3711,0.2684382732242203
3712,0.2674289555406898
3713,0.26641481810849243
3714,0.2653959097802586
3715,0.26437228108213817
3716,0.2633439842164121
3717,0.26231107306303386
3718,0.26127360318007187
3719,0.2602316318030332
3720,0.2591852178430446
3721,0.2581344218838679
3722,0.2570793061777298
3723,0.2560199346399481
3724,0.2549563728423315
3725,0.25388868800534
3726,0.2528169489889861
3727,0.2517412262824665
3728,0.2506615919925039
3729,0.2495781198303941
3730,0.24849088509774406
3731,0.24739996467089043
3732,0.24630543698399673
3733,0.24520738201081702
3734,0.2441058812451265
3735,0.24300101767981416
3736,0.24189287578464003
3737,0.24078154148265324
3738,0.23966710212528128
3739,0.23854964646608834
3740,0.2374292646332144
3741,0.23630604810050326
3742,0.23518008965733067
3743,0.23405148337714304
3744,0.23292032458472658
3745,0.231786709822221
3746,0.2306507368138958
3747,0.22951250442971566
3748,0.2283721126477113
3749,0.227229662515188
3750,0.22608525610879354
3751,0.2249389964934807
3752,0.22379098768039055
3753,0.22264133458369162
3754,0.22149014297641512
3755,0.22033751944531604
3756,0.21918357134480382
3757,0.2180284067499826
3758,0.216872134408846
3759,0.21571486369366624
3760,0.21455670455162848
3761,0.21339776745475444
3762,0.21223816334916912
3763,0.21107800360375617
3764,0.20991739995825656
3765,0.20875646447086535
3766,0.20759530946537624
3767,0.2064340474779363
3768,0.20527279120345965
3769,0.20411165344176385
3770,0.20295074704348479
3771,0.20179018485582523
3772,0.20063007966820545
3773,0.19947054415786392
3774,0.19831169083547764
3775,0.19715363199086083
3776,0.19599647963879352
3777,0.19484034546505524
3778,0.19368534077270882
3779,0.19253157642870686
3780,0.19137916281087025
3781,0.19022820975530352
3782,0.18907882650430502
3783,0.18793112165482517
3784,0.18678520310753338
3785,0.18564117801655006
3786,0.1844991527398916
3787,0.18335923279069138
3788,0.18222152278923964
3789,0.18108612641589877
3790,0.17995314636493887
3791,0.17882268429934625
3792,0.17769484080664377
3793,0.17656971535577254
3794,0.17544740625507554
3795,0.17432801061142011
3796,0.1732116242905024
3797,0.17209834187836698
3798,0.17098825664417538
3799,0.16988146050425595
3800,0.16877804398746496
3801,0.16767809620188456
3802,0.16658170480288653
3803,0.16548895596257585
3804,0.16439993434064729
3805,0.16331472305666006
3806,0.16223340366375466
3807,0.16115605612382033
3808,0.1600827587841273
3809,0.15901358835543034
3810,0.1579486198915486
3811,0.15688792677043026
3812,0.1558315806766966
3813,0.15477965158567153
3814,0.1537322077488888
3815,0.15268931568107355
3816,0.15165104014859318
3817,0.150617444159362
3818,0.14958858895419608
3819,0.1485645339995981
3820,0.14754533698196268
3821,0.14653105380318066
3822,0.14552173857762574
3823,0.14451744363050298
3824,0.14351821949753707
3825,0.142524114925975
3826,0.1415351768768811
3827,0.1405514505286948
3828,0.13957297928202655
3829,0.13859980476565964
3830,0.1376319668437308
3831,0.1366695036240566
3832,0.13571245146757455
3833,0.13476084499886454
3834,0.13381471711772042
3835,0.1328740990117328
3836,0.13193902016985062
3837,0.13100950839688627
3838,0.13008558982892712
3839,0.129167288949617
3840,0.1282546286072733
3841,0.12734763003279886
3842,0.12644631285835534
3843,0.12555069513675834
3844,0.12466079336156055
3845,0.12377662248778118
3846,0.12289819595324902
3847,0.12202552570051939
3848,0.12115862219933307
3849,0.12029749446957422
3850,0.11944215010469722
3851,0.11859259529558669
3852,0.11774883485481141
3853,0.11691087224124388
3854,0.11607870958500716
3855,0.1152523477127169
3856,0.1144317861729888
3857,0.11361702326217468
3858,0.11280805605030214
3859,0.11200488040717914
3860,0.11120749102864505
3861,0.11041588146292633
3862,0.10963004413708127
3863,0.10884997038349545
3864,0.10807565046641154
3865,0.10730707360845947
3866,0.10654422801716706
3867,0.10578710091142643
3868,0.10503567854789224
3869,0.10428994624729057
3870,0.10354988842061645
3871,0.10281548859520191
3872,0.10208672944062946
3873,0.1013635927944816
3874,0.10064605968789908
3875,0.09993411037093722
3876,0.09922772433770377
3877,0.09852688035125867
3878,0.0978315564682676
3879,0.0971417300633918
3880,0.09645737785340303
3881,0.09577847592101088
3882,0.09510499973839173
3883,0.09443692419041126
3884,0.09377422359752624
3885,0.0931168717383608
3886,0.09246484187194881
3887,0.09181810675963178
3888,0.09117663868660898
3889,0.09054040948313283
3890,0.08990939054534328
3891,0.08928355285573564
3892,0.08866286700326147
3893,0.08804730320305343
3894,0.08743683131577656
3895,0.08683142086659901
3896,0.08623104106378152
3897,0.08563566081688712
3898,0.0850452487546047
3899,0.08445977324219076
3900,0.08387920239852523
3901,0.08330350411278475
3902,0.08273264606073331
3903,0.08216659572062879
3904,0.08160532038875032
3905,0.08104878719454783
3906,0.08049696311541157
3907,0.07994981499107001
3908,0.07940730953761513
3909,0.07886941336115856
3910,0.07833609297112246
3911,0.0778073147931678
3912,0.07728304518176513
3913,0.07676325043240917
3914,0.07624789679348459
3915,0.07573695047778356
3916,0.07523037767368337
3917,0.07472814455598495
3918,0.07423021729641979
3919,0.07373656207382838
3920,0.07324714508401656
3921,0.07276193254929243
3922,0.07228089072769289
3923,0.07180398592190013
3924,0.0713311844878574
3925,0.07086245284308734
3926,0.07039775747471905
3927,0.06993706494722858
3928,0.06948034190989907
3929,0.06902755510400564
3930,0.06857867136973078
3931,0.06813365765281523
3932,0.06769248101094986
3933,0.06725510861991624
3934,0.06682150777947696
3935,0.06639164591902538
3936,0.06596549060299899
3937,0.06554300953605989
3938,0.06512417056805068
3939,0.0647089416987302
3940,0.0642972910822921
3941,0.06388918703167584
3942,0.0634845980226712
3943,0.0630834926978241
3944,0.06268583987014811
3945,0.06229160852664696
3946,0.06190076783165053
3947,0.06151328712997471
3948,0.061129135949904156
3949,0.060748284006006265
3950,0.06037070120178055
3951,0.059996357632147515
3952,0.0596252235857802
3953,0.05925726954728687
3954,0.05889246619924582
3955,0.05853078442409684
3956,0.05817219530589725
3957,0.05781667013193961
3958,0.05746418039424474
3959,0.05711469779092479
3960,0.05676819422742646
3961,0.056424641817656926
3962,0.05608401288499376
3963,0.05574627996318532
3964,0.05541141579714603
3965,0.055079393343646185
3966,0.05475018577190338
3967,0.054423766464076956
3968,0.05410010901567165
3969,0.053779187235848264
3970,0.05346097514765226
3971,0.05314544698815393
3972,0.052832577208513705
3973,0.05252234047396585
3974,0.05221471166373123
3975,0.051909665870854896
3976,0.05160717840197915
3977,0.05130722477704684
3978,0.051009780728942876
3979,0.050714822203074994
3980,0.050422325356895434
3981,0.05013226655936638
3982,0.04984462239037301
