1,0.5349996474220928
2,0.5110004488666409
3,0.5004983673707136
4,0.5028840580509248
5,0.5067766342634199
6,0.506446349327447
7,0.5034496429745198
8,0.5010071454544931
9,0.500243585063228
10,0.5003608106643844
11,0.5004411551893968
12,0.5003085745243503
13,0.5001990264361506
14,0.5002448441196198
15,0.5003636997075038
16,0.5004281945374845
17,0.5004000516813236
18,0.500321429289925
19,0.5002450874543478
20,0.5001942910241831
21,0.5001673506889709
22,0.5001560857252753
23,0.5001547601876337
24,0.5001591165468128
25,0.5001642858967889
26,0.5001656781456759
27,0.5001610251348283
28,0.5001509691067273
29,0.500137900333628
30,0.5001243439645293
31,0.5001119826030558
32,0.500101476024298
33,0.5000927102187351
34,0.5000851348537556
35,0.5000780560739857
36,0.5000708623698251
37,0.5000631674808489
38,0.5000548511866282
39,0.5000460067999484
40,0.5000368379161672
41,0.5000275558153945
42,0.5000183115132031
43,0.5000091710497321
44,0.5000001247782915
45,0.49999111495555937
46,0.4999820671487758
47,0.4999729154148992
48,0.49996361635489145
49,0.4999541517961957
50,0.4999445231625307
51,0.49993474201437677
52,0.49992482086522305
53,0.4999147668698509
54,0.4999045792095478
55,0.4998942496197707
56,0.4998837647931971
57,0.4998731093034469
58,0.4998622680243183
59,0.49985122752253497
60,0.49983997637718663
61,0.49982850470250295
62,0.4998168032825291
63,0.4998048626947149
64,0.49979267267022864
65,0.49978022178361187
66,0.499767497437226
67,0.4997544860335019
68,0.49974117321162326
69,0.49972754404976805
70,0.49971358317799486
71,0.49969927479095266
72,0.49968460258123837
73,0.4996695496288284
74,0.49965409828139895
75,0.4996382300500491
76,0.4996219255312749
77,0.4996051643540698
78,0.49958792514353145
79,0.49957018548987164
80,0.4995519219131971
81,0.4995331098180299
82,0.4995137234355085
83,0.49949373575430833
84,0.4994731184429639
85,0.49945184176652424
86,0.4994298744997415
87,0.4994071838378188
88,0.49938373530462365
89,0.4993594926574738
90,0.49933441778725485
91,0.49930847061264233
92,0.4992816089674589
93,0.49925378848052526
94,0.49922496244764375
95,0.49919508169552396
96,0.49916409443750365
97,0.4991319461208607
98,0.4990985792654048
99,0.49906393329292464
100,0.4990279443469653
101,0.4989905451023575
102,0.4989516645638953
103,0.49891122785356673
104,0.49886915598575665
105,0.49882536562986257
106,0.49877976885978437
107,0.49873227288975175
108,0.49868277979596176
109,0.49863118622350555
110,0.4985773830780599
111,0.49852125520184914
112,0.49846268103339714
113,0.4984015322506331
114,0.4983376733969638
115,0.49827096148999017
116,0.49820124561262014
117,0.49812836648642345
118,0.49805215602717623
119,0.49797243688266507
120,0.49788902195295703
121,0.49780171389349964
122,0.49771030460158694
123,0.49761457468693054
124,0.497514292927286
125,0.4974092157103287
126,0.49729908646323306
127,0.4971836350716893
128,0.49706257729039477
129,0.4969356141473686
130,0.4968024313447752
131,0.4966626986592765
132,0.49651606934528014
133,0.49636217954479706
134,0.4962006477079468
135,0.496031074028482
136,0.4958530398989762
137,0.4956661073905875
138,0.49546981876250606
139,0.4952636960063377
140,0.49504724043074766
141,0.49481993229166743
142,0.494581230473257
143,0.4943305722245921
144,0.494067372956709
145,0.4937910261041881
146,0.49350090305488686
147,0.49319635315074495
148,0.4928767037618129
149,0.49254126043479013
150,0.49218930711645714
151,0.4918201064514749
152,0.49143290015314967
153,0.4910269094449897
154,0.49060133557028107
155,0.49015536036654317
156,0.489688146901703
157,0.4891988401692008
158,0.48868656784013287
159,0.4881504410720014
160,0.48758955537577386
161,0.48700299154580384
162,0.4863898166607848
163,0.48574908516829784
164,0.48507984007068927
165,0.4843811142358856
166,0.4836519318632686
167,0.48289131014172326
168,0.4820982611442639
169,0.4812717940109889
170,0.4804109174792234
171,0.47951464282621337
172,0.4785819872952535
173,0.47761197808017336
174,0.47660365694520657
175,0.4755560855568445
176,0.47446835160079975
177,0.47333957575006724
178,0.472168919538724
179,0.4709555941800259
180,0.4696988703460857
181,0.4683980888996333
182,0.4670526725359213
183,0.46566213825481895
184,0.46422611053994334
185,0.4627443350740553
186,0.4612166927690877
187,0.45964321383674717
188,0.45802409157379415
189,0.45635969548750666
190,0.4546505833445575
191,0.45289751169394943
192,0.4511014443952842
193,0.4492635586808843
194,0.44738524829713866
195,0.44546812330917035
196,0.44351400621473314
197,0.4415249240979612
198,0.43950309665950504
199,0.4374509200832438
200,0.4353709468361139
201,0.433265861640184
202,0.4311384539974318
203,0.42899158777979907
204,0.4268281685121992
205,0.42465110906727954
206,0.4224632945523238
207,0.42026754719713877
208,0.4180665920457004
209,0.4158630242146747
210,0.4136592784118037
211,0.4114576013114753
212,0.4092600272699036
213,0.4070683577352786
214,0.40488414457626687
215,0.40270867742224314
216,0.4005429749867085
217,0.3983877802364703
218,0.39624355917700566
219,0.3941105029513283
220,0.39198853289667235
221,0.38987730817028526
222,0.38777623554152507
223,0.3856844809504725
224,0.38360098245107066
225,0.3815244641867168
226,0.37945345108541356
227,0.37738628400716334
228,0.37532113512542853
229,0.3732560233744666
230,0.3711888298426387
231,0.36911731303601564
232,0.36703912397461436
233,0.36495182111350416
234,0.36285288510122116
235,0.360739733397221
236,0.35860973476774505
237,0.35646022366537855
238,0.35428851447234777
239,0.3520919155528054
240,0.34986774301747176
241,0.3476133340586458
242,0.34532605966931396
243,0.34300333652227877
244,0.3406426377597761
245,0.3382415024368368
246,0.3357975433779333
247,0.3333084532501543
248,0.3307720087291316
249,0.3281860727354127
250,0.32554859484507004
251,0.32285761012214054
252,0.32011123677227726
253,0.3173076731650211
254,0.31444519490361567
255,0.3115221527237413
256,0.308536972064815
257,0.30548815517089556
258,0.3023742865372059
259,0.2991940424207057
260,0.2959462049802575
261,0.29262968140796697
262,0.28924352816506294
263,0.28578698015219967
264,0.2822594843363106
265,0.2786607370371658
266,0.27499072376194444
267,0.27124976018330327
268,0.26743853260609285
269,0.2635581360825098
270,0.2596101082382806
271,0.25559645688512317
272,0.2515196796341967
273,0.24738277400024966
274,0.24318923689341715
275,0.2389430529171091
276,0.23464867149228508
277,0.23031097346224827
278,0.22593522843911878
279,0.22152704467110715
280,0.21709231358145237
281,0.21263715131265642
282,0.20816783958275295
283,0.20369076792998486
284,0.19921237902179306
285,0.19473911818947306
286,0.19027738779135223
287,0.18583350647775093
288,0.1814136729943887
289,0.17702393386284826
290,0.17267015413837658
291,0.16835799046222077
292,0.16409286577123028
293,0.15987994525959168
294,0.1557241134576763
295,0.15162995255435047
296,0.1476017223038692
297,0.1436433420019423
298,0.13975837507742012
299,0.13595001682920138
300,0.13222108575529784
301,0.12857401879147912
302,0.12501087062153637
303,0.1215333170596879
304,0.1181426623542089
305,0.11483985013151848
306,0.1116254775984028
307,0.10849981254918599
308,0.10546281268355888
309,0.10251414672623295
310,0.09965321684717611
311,0.09687918190601102
312,0.09419098108150002
313,0.09158735749262721
314,0.0890668814680643
315,0.08662797317286222
316,0.08426892435282692
317,0.0819879190065602
318,0.07978305284140244
319,0.07765235141172075
320,0.0755937868756824
321,0.07360529333961821
322,0.07168478078729458
323,0.06983014761499581
324,0.06803929181252517
325,0.06631012084536841
326,0.06464056030471989
327,0.06302856140024714
328,0.061472107375788745
329,0.05996921893106122
330,0.05851795873328425
331,0.057116435101806654
332,0.055762804946658494
333,0.05445527603877767
334,0.05319210868573586
335,0.05197161688233594
336,0.05079216900068503
337,0.04965218807940555
