1,2.0454438666617003
2,2.0370438095842966
3,2.0273981419683
4,2.0186394670029166
5,2.011780328947264
6,2.0070040092560397
7,2.004018541359107
8,2.002350220611197
9,2.001532454236905
10,2.001196496467459
11,2.0010931544815405
12,2.0010769212080066
13,2.0010764483352923
14,2.001065551207419
15,2.001040989538212
16,2.0010082105654563
17,2.0009737291514544
18,2.0009420332519974
19,2.0009150578889687
20,2.0008927979409545
21,2.000874193910196
22,2.000857870712304
23,2.000842598445855
24,2.000827496620798
25,2.000812061025504
26,2.000796095969575
27,2.0007796145452743
28,2.000762744545979
29,2.000745656925188
30,2.0007285200103126
31,2.0007114755474427
32,2.0006946301830824
33,2.0006780562227897
34,2.000661796921899
35,2.0006458732013175
36,2.000630290061829
37,2.000615041938274
38,2.0006001168148155
39,2.0005854992113323
40,2.000571172255494
41,2.00055711906117
42,2.000543323599042
43,2.0005297712019257
44,2.000516448809753
45,2.0005033450313605
46,2.0004904500809597
47,2.0004777556339053
48,2.0004652546365893
49,2.0004529410973464
50,2.000440809878419
51,2.0004288565028974
52,2.0004170769852885
53,2.0004054676899865
54,2.000394025218538
55,2.000382746324179
56,2.00037162785059
57,2.000360666691019
58,2.0003498597636846
59,2.0003392039995402
60,2.0003286963388835
61,2.000318333733856
62,2.0003081131544422
63,2.0002980315961634
64,2.0002880860881436
65,2.0002782737006886
66,2.000268591551829
67,2.0002590368125657
68,2.0002496067107574
69,2.0002402985336936
70,2.0002311096295053
71,2.00022203740759
72,2.0002130793382467
73,2.000204232951728
74,2.0001954958368535
75,2.000186865639364
76,2.0001783400601125
77,2.0001699168532
78,2.000161593824117
79,2.0001533688279425
80,2.000145239767627
81,2.0001372045923764
82,2.000129261296136
83,2.0001214079161875
84,2.000113642531832
85,2.0001059632631666
86,2.000098368269934
87,2.0000908557504413
88,2.0000834239405285
89,2.000076071112593
90,2.000068795574647
91,2.000061595669413
92,2.000054469773448
93,2.000047416296294
94,2.0000404336796462
95,2.0000335203965545
96,2.000026674950633
97,2.000019895875294
98,2.000013181733003
99,2.0000065311145496
100,1.999999942638333
101,1.9999934149496716
102,1.9999869467201283
103,1.9999805366468497
104,1.9999741834519298
105,1.999967885881781
106,1.999961642706532
107,1.999955452719434
108,1.9999493147362857
109,1.9999432275948759
110,1.9999371901544354
111,1.999931201295109
112,1.9999252599174393
113,1.9999193649418623
114,1.99991351530822
115,1.9999077099752811
116,1.99990194792028
117,1.9998962281384602
118,1.9998905496426391
119,1.9998849114627706
120,1.9998793126455332
121,1.9998737522539192
122,1.9998682293668353
123,1.9998627430787157
124,1.999857292499144
125,1.9998518767524835
126,1.9998464949775157
127,1.9998411463270902
128,1.999835829967782
129,1.999830545079557
130,1.9998252908554428
131,1.9998200665012131
132,1.9998148712350743
133,1.9998097042873628
134,1.9998045649002467
135,1.9997994523274385
136,1.999794365833909
137,1.9997893046956126
138,1.9997842681992166
139,1.9997792556418355
140,1.999774266330776
141,1.9997692995832832
142,1.9997643547262927
143,1.9997594310961901
144,1.9997545280385765
145,1.9997496449080372
146,1.9997447810679154
147,1.9997399358900916
148,1.9997351087547677
149,1.9997302990502577
150,1.9997255061727754
151,1.9997207295262396
152,1.9997159685220693
153,1.9997112225789908
154,1.9997064911228528
155,1.999701773586432
156,1.999697069409256
157,1.9996923780374232
158,1.9996876989234278
159,1.999683031525987
160,1.999678375309873
161,1.9996737297457483
162,1.9996690943100037
163,1.9996644684845981
164,1.9996598517569049
165,1.9996552436195567
166,1.9996506435702972
167,1.9996460511118315
168,1.9996414657516826
169,1.9996368870020504
170,1.9996323143796704
171,1.9996277474056758
172,1.9996231856054658
173,1.9996186285085695
174,1.999614075648518
175,1.9996095265627156
176,1.999604980792313
177,1.9996004378820853
178,1.9995958973803065
179,1.9995913588386336
180,1.9995868218119859
181,1.9995822858584282
182,1.999577750539058
183,1.999573215417891
184,1.99956868006175
185,1.9995641440401568
186,1.9995596069252208
187,1.9995550682915346
188,1.999550527716068
189,1.9995459847780648
190,1.9995414390589392
191,1.9995368901421742
192,1.9995323376132244
193,1.9995277810594123
194,1.999523220069836
195,1.9995186542352683
196,1.9995140831480636
197,1.9995095064020636
198,1.9995049235925018
199,1.999500334315914
200,1.9994957381700424
201,1.9994911347537525
202,1.9994865236669335
203,1.9994819045104175
204,1.9994772768858868
205,1.9994726403957885
206,1.9994679946432454
207,1.9994633392319727
208,1.9994586737661915
209,1.9994539978505426
210,1.999449311090003
211,1.9994446130898031
212,1.9994399034553432
213,1.9994351817921086
214,1.9994304477055898
215,1.9994257008012
216,1.999420940684191
217,1.9994161669595756
218,1.999411379232046
219,1.9994065771058906
220,1.9994017601849152
221,1.9993969280723651
222,1.999392080370841
223,1.999387216682222
224,1.9993823366075862
225,1.9993774397471293
226,1.999372525700086
227,1.999367594064653
228,1.9993626444379051
229,1.9993576764157206
230,1.9993526895926974
231,1.9993476835620783
232,1.999342657915669
233,1.999337612243757
234,1.9993325461350362
235,1.999327459176523
236,1.9993223509534788
237,1.9993172210493275
238,1.9993120690455788
239,1.9993068945217423
240,1.999301697055251
241,1.999296476221378
242,1.9992912315931548
243,1.999285962741288
244,1.9992806692340808
245,1.9992753506373444
246,1.9992700065143203
247,1.9992646364255922
248,1.9992592399290037
249,1.9992538165795728
250,1.9992483659294065
251,1.9992428875276147
252,1.9992373809202233
253,1.9992318456500875
254,1.9992262812568016
255,1.999220687276615
256,1.9992150632423358
257,1.999209408683246
258,1.99920372312501
259,1.9991980060895773
260,1.999192257095098
261,1.9991864756558204
262,1.9991806612820047
263,1.99917481347982
264,1.999168931751254
265,1.99916301559401
266,1.9991570645014116
267,1.999151077962302
268,1.9991450554609425
269,1.9991389964769115
270,1.9991329004850016
271,1.9991267669551105
272,1.999120595352145
273,1.9991143851359017
274,1.9991081357609688
275,1.99910184667661
276,1.999095517326658
277,1.999089147149397
278,1.9990827355774519
279,1.9990762820376722
280,1.9990697859510127
281,1.9990632467324165
282,1.9990566637906955
283,1.9990500365284056
284,1.9990433643417236
285,1.999036646620321
286,1.999029882747238
287,1.9990230720987523
288,1.9990162140442482
289,1.9990093079460842
290,1.9990023531594556
291,1.9989953490322576
292,1.9989882949049458
293,1.9989811901103958
294,1.9989740339737574
295,1.998966825812307
296,1.9989595649353031
297,1.9989522506438309
298,1.9989448822306501
299,1.99893745898004
300,1.9989299801676401
301,1.9989224450602883
302,1.9989148529158567
303,1.998907202983086
304,1.9988994945014156
305,1.9988917267008102
306,1.998883898801585
307,1.9988760100142269
308,1.9988680595392143
309,1.99886004656683
310,1.9988519702769756
311,1.9988438298389775
312,1.9988356244113938
313,1.998827353141817
314,1.9988190151666716
315,1.9988106096110054
316,1.9988021355882852
317,1.9987935922001823
318,1.998784978536353
319,1.9987762936742204
320,1.9987675366787494
321,1.998758706602218
322,1.9987498024839792
323,1.9987408233502295
324,1.998731768213763
325,1.9987226360737247
326,1.9987134259153605
327,1.9987041367097584
328,1.9986947674135898
329,1.9986853169688399
330,1.9986757843025402
331,1.9986661683264884
332,1.9986564679369674
333,1.9986466820144566
334,1.9986368094233409
335,1.9986268490116093
336,1.9986167996105508
337,1.9986066600344436
338,1.998596429080234
339,1.9985861055272203
340,1.998575688136715
341,1.9985651756517118
342,1.9985545667965408
343,1.9985438602765193
344,1.998533054777591
345,1.9985221489659644
346,1.9985111414877363
347,1.9985000309685166
348,1.9984888160130332
349,1.9984774952047433
350,1.9984660671054222
351,1.9984545302547576
352,1.9984428831699197
353,1.9984311243451383
354,1.9984192522512583
355,1.9984072653352944
356,1.9983951620199698
357,1.998382940703251
358,1.9983705997578682
359,1.9983581375308277
360,1.9983455523429132
361,1.9983328424881743
362,1.9983200062334108
363,1.998307041817636
364,1.9982939474515367
365,1.9982807213169171
366,1.9982673615661302
367,1.9982538663215015
368,1.998240233674732
369,1.9982264616862975
370,1.9982125483848254
371,1.9981984917664657
372,1.9981842897942412
373,1.9981699403973883
374,1.9981554414706815
375,1.9981407908737399
376,1.9981259864303222
377,1.9981110259276045
378,1.998095907115439
379,1.9980806277056007
380,1.9980651853710127
381,1.998049577744957
382,1.9980338024202622
383,1.9980178569484808
384,1.9980017388390396
385,1.9979854455583732
386,1.9979689745290405
387,1.9979523231288159
388,1.99793548868976
389,1.9979184684972737
390,1.9979012597891235
391,1.9978838597544466
392,1.9978662655327335
393,1.9978484742127867
394,1.997830482831651
395,1.997812288373522
396,1.9977938877686299
397,1.9977752778920888
398,1.9977564555627296
399,1.9977374175418947
400,1.9977181605322114
401,1.9976986811763282
402,1.9976789760556268
403,1.9976590416888993
404,1.9976388745309956
405,1.9976184709714335
406,1.9975978273329789
407,1.9975769398701888
408,1.9975558047679198
409,1.997534418139796
410,1.997512776026646
411,1.9974908743948925
412,1.9974687091349077
413,1.9974462760593241
414,1.997423570901307
415,1.9974005893127766
416,1.9973773268625927
417,1.9973537790346882
418,1.9973299412261558
419,1.997305808745292
420,1.9972813768095796
421,1.997256640543628
422,1.9972315949770594
423,1.9972062350423347
424,1.9971805555725286
425,1.9971545512990487
426,1.9971282168492852
427,1.9971015467442133
428,1.99707453539592
429,1.9970471771050757
430,1.9970194660583338
431,1.9969913963256614
432,1.9969629618576032
433,1.9969341564824723
434,1.9969049739034603
435,1.996875407695677
436,1.9968454513031104
437,1.9968150980354973
438,1.9967843410651236
439,1.9967531734235222
440,1.9967215879980946
441,1.9966895775286326
442,1.9966571346037507
443,1.996624251657216
444,1.9965909209641812
445,1.9965571346373125
446,1.996522884622813
447,1.996488162696333
448,1.9964529604587669
449,1.9964172693319395
450,1.9963810805541629
451,1.9963443851756755
452,1.9963071740539522
453,1.996269437848881
454,1.9962311670178052
455,1.9961923518104236
456,1.99615298226355
457,1.996113048195716
458,1.9960725392016319
459,1.9960314446464753
460,1.995989753660027
461,1.995947455130635
462,1.9959045376989963
463,1.9958609897517752
464,1.995816799415021
465,1.9957719545474024
466,1.9957264427332413
467,1.995680251275346
468,1.9956333671876314
469,1.9955857771875207
470,1.9955374676881275
471,1.995488424790203
472,1.995438634273845
473,1.9953880815899603
474,1.9953367518514724
475,1.9952846298242677
476,1.9952316999178659
477,1.9951779461758132
478,1.9951233522657863
479,1.9950679014693913
480,1.9950115766716618
481,1.9949543603502264
482,1.9948962345641599
483,1.9948371809424785
484,1.9947771806722914
485,1.9947162144865853
486,1.9946542626516348
487,1.994591304954016
488,1.9945273206872245
489,1.9944622886378776
490,1.994396187071478
491,1.9943289937177444
492,1.9942606857554699
493,1.9941912397969153
494,1.9941206318717026
495,1.994048837410205
496,1.9939758312264084
497,1.9939015875002264
498,1.99382607975926
499,1.9937492808599615
500,1.9936711629682138
501,1.993591697539269
502,1.9935108552970522
503,1.9934286062127953
504,1.99334491948298
505,1.9932597635065668
506,1.9931731058614832
507,1.9930849132803465
508,1.9929951516253956
509,1.9929037858626026
510,1.9928107800349342
511,1.992716097234734
512,1.9926196995751984
513,1.9925215481609069
514,1.992421603057379
515,1.9923198232596229
516,1.9922161666596339
517,1.9921105900128193
518,1.992003048903292
519,1.991893497708011
520,1.9917818895597192
521,1.9916681763086324
522,1.991552308482842
523,1.9914342352473842
524,1.9913139043619252
525,1.9911912621370116
526,1.9910662533888441
527,1.990938821392507
528,1.9908089078336135
529,1.9906764527583
530,1.9905413945215127
531,1.9904036697335277
532,1.9902632132046367
533,1.9901199578879432
534,1.9899738348201836
535,1.9898247730605216
536,1.9896726996272305
537,1.9895175394321913
538,1.9893592152131345
539,1.9891976474635356
540,1.9890327543600868
541,1.9888644516876548
542,1.988692652761641
543,1.9885172683476435
544,1.9883382065783355
545,1.988155372867444
546,1.987968669820755
547,1.9877779971440055
548,1.9875832515475826
549,1.9873843266478963
550,1.9871811128653247
551,1.9869734973185977
552,1.9867613637155115
553,1.9865445922398255
554,1.9863230594342323
555,1.9860966380792457
556,1.9858651970678785
557,1.9856286012759605
558,1.9853867114279506
559,1.9851393839580882
560,1.9848864708667309
561,1.9846278195717066
562,1.984363272754531
563,1.9840926682013031
564,1.9838158386381117
565,1.983532611560777
566,1.983242809058734
567,1.9829462476328805
568,1.9826427380071843
569,1.9823320849338675
570,1.9820140869919536
571,1.9816885363789816
572,1.9813552186956742
573,1.9810139127233448
574,1.9806643901938326
575,1.980306415551744
576,1.9799397457087737
577,1.9795641297898872
578,1.9791793088711271
579,1.9787850157088223
580,1.9783809744599665
581,1.9779669003935252
582,1.9775424995924484
583,1.9771074686461492
584,1.9766614943332137
585,1.976204253294124
586,1.9757354116937398
587,1.9752546248733394
588,1.9747615369919838
589,1.9742557806569783
590,1.973736976543245
591,1.973204733001378
592,1.9726586456541966
593,1.9720982969816157
594,1.9715232558936469
595,1.9709330772913876
596,1.9703273016158334
597,1.9697054543844028
598,1.9690670457150548
599,1.9684115698379128
600,1.9677385045943314
601,1.967047310923369
602,1.9663374323356495
603,1.9656082943746347
604,1.9648593040653677
605,1.9640898493507684
606,1.9632992985156141
607,1.9624869995983878
608,1.961652279791191
609,1.9607944448280181
610,1.9599127783616903
611,1.9590065413298454
612,1.9580749713104093
613,1.957117281867066
614,1.9561326618852803
615,1.95512027489954
616,1.9540792584125066
617,1.9530087232069036
618,1.9519077526509883
619,1.9507754019986077
620,1.9496106976848582
621,1.948412636618524
622,1.947180185472512
623,1.9459122799736346
624,1.9446078241931637
625,1.9432656898396914
626,1.9418847155559336
627,1.9404637062211945
628,1.9390014322613247
629,1.9374966289680975
630,1.9359479958299994
631,1.9343541958765411
632,1.9327138550382645
633,1.9310255615246816
634,1.9292878652224528
635,1.9274992771161665
636,1.9256582687340984
637,1.9237632716213615
638,1.9218126768428523
639,1.919804834518378
640,1.9177380533923047
641,1.9156106004399875
642,1.91342070051315
643,1.9111665360262406
644,1.9088462466856209
645,1.9064579292632304
646,1.9039996374161245
647,1.901469381552983
648,1.8988651287483398
649,1.896184802704895
650,1.8934262837638274
651,1.890587408962523
652,1.8876659721385889
653,1.8846597240784226
654,1.8815663727079457
655,1.8783835833224152
656,1.8751089788514699
657,1.871740140154805
658,1.8682746063430131
659,1.86470987511733
660,1.8610434031211485
661,1.8572726062953215
662,1.853394860228468
663,1.849407500492684
664,1.845307822954374
665,1.8410930840492723
666,1.8367605010102244
667,1.8323072520359491
668,1.8277304763888387
669,1.8230272744099296
670,1.8181947074395006
671,1.8132297976324456
672,1.8081295276585347
673,1.8028908402791521
674,1.7975106377939494
675,1.7919857813532412
676,1.7863130901348916
677,1.7804893403879394
678,1.7745112643493313
679,1.768375549044889
680,1.7620788349910352
681,1.7556177148198966
682,1.7489887318571053
683,1.7421883786889765
684,1.7352130957636862
685,1.7280592700795052
686,1.720723234022051
687,1.7132012644217811
688,1.7054895819123463
689,1.6975843506799668
690,1.689481678703376
691,1.6811776185929872
692,1.6726681691465113
693,1.6639492777461375
694,1.655016843729288
695,1.6458667228706512
696,1.6364947331174937
697,1.626896661722852
698,1.6170682739219597
699,1.607005323295951
700,1.5967035639633642
701,1.58615876473409
702,1.5753667253521328
703,1.5643232949428116
704,1.5530243927668157
705,1.541466031367921
706,1.5296443421832544
707,1.517555603664774
708,1.505196271938389
709,1.4925630140027883
710,1.4796527434438036
711,1.4664626586119425
712,1.452990283180562
713,1.4392335089699153
714,1.4251906408877493
715,1.4108604437999532
716,1.3962421911046508
717,1.3813357147395484
718,1.36614145630507
719,1.350660518934303
720,1.3348947194850234
721,1.3188466405689927
722,1.3025196818698013
723,1.285918110133462
724,1.2690471071472185
725,1.2519128149532377
726,1.2345223774777516
727,1.2168839776955476
728,1.1990068693982274
729,1.1809014025962052
730,1.1625790415632162
731,1.1440523745324391
732,1.1253351140792502
733,1.1064420872807377
734,1.0873892148293054
735,1.0681934783989155
736,1.0488728757183474
737,1.0294463629955302
738,1.0099337845580618
739,0.9903557898233333
740,0.9707337379814502
741,0.9510895910578689
742,0.9314457963116028
743,0.9118251592091109
744,0.8922507084829119
745,0.8727455550269638
746,0.8533327465874403
747,0.8340351203683485
748,0.8148751557785421
749,0.7958748295942216
750,0.7770554757954102
751,0.7584376522554679
752,0.7400410163214448
753,0.7218842111246477
754,0.7039847642127155
755,0.6863589998059332
756,0.6690219656626177
757,0.65198737520314
758,0.6352675652017554
759,0.6188734690219237
760,0.6028146050552537
761,0.5870990797361954
762,0.5717336042519081
763,0.5567235238551631
764,0.5420728585211443
765,0.5277843535681748
766,0.5138595387870677
767,0.5002987945917984
768,0.4871014237118264
769,0.4742657269889144
770,0.46178908191326434
771,0.4496680226294114
772,0.4378983202557059
773,0.42647506248671707
774,0.4153927315802941
775,0.40464527996560445
776,0.39422620284124243
777,0.38412860726018605
778,0.3743452773183657
779,0.3648687351739913
780,0.3556912977243483
781,0.34680512885474385
782,0.3382022872505066
783,0.3298747698275153
784,0.3218145508901804
785,0.3140136171687875
786,0.30646399892153925
787,0.29915779731140135
788,0.2920872082850614
789,0.28524454319183773
790,0.27862224638534794
791,0.2722129100509537
792,0.26600928649841893
793,0.2600042981525331
794,0.2541910454654418
795,0.24856281296362465
796,0.24311307363044815
797,0.23783549181242516
798,0.23272392482408896
799,0.22777242341306414
800,0.22297523123373963
801,0.2183267834650824
802,0.21382170469573775
803,0.20945480618777307
804,0.20522108261925676
805,0.20111570839541631
806,0.1971340336084024
807,0.19327157971667502
808,0.1895240350067705
809,0.1858872498926275
810,0.18235723210076193
811,0.17893014178333205
812,0.1756022865954889
813,0.17237011676834063
814,0.16923022020429784
815,0.16617931761753282
816,0.16321425773864334
817,0.1603320125994493
818,0.15752967291098413
819,0.1548044435452947
820,0.15215363912944374
821,0.1495746797582398
822,0.1470650868305289
823,0.1446224790124699
824,0.14224456832996343
825,0.13992915639134407
826,0.13767413074054125
827,0.13547746134014244
828,0.13333719718314505
829,0.1312514630316475
830,0.12921845628027973
831,0.12723644394181033
832,0.12530375975208213
833,0.12341880139118826
834,0.12158002781763882
835,0.11978595671212658
836,0.11803516202742284
837,0.11632627164087597
838,0.1146579651059613
839,0.11302897149933204
840,0.11143806735984335
841,0.10988407471605743
842,0.10836585919879527
843,0.10688232823536165
844,0.10543242932214644
845,0.10401514837238932
846,0.10262950813597713
847,0.10127456668824276
848,0.09994941598482573
849,0.09865318047974952
850,0.09738501580397836
851,0.09614410750180306
852,0.0949296698225149
853,0.09374094456491588
854,0.09257719997231623
855,0.0914377296757606
856,0.09032185168331774
857,0.08922890741336278
858,0.08815826076985947
859,0.08710929725774956
860,0.0860814231366236
861,0.08507406461094019
862,0.08408666705512927
863,0.08311869427199423
864,0.08216962778289755
865,0.08123896614828381
866,0.08032622431715719
867,0.07943093300420173
868,0.07855263809328214
869,0.07769090006613119
870,0.07684529345508044
871,0.07601540631874326
872,0.07520083973961508
873,0.0744012073425975
874,0.07361613483350582
875,0.07284525955665967
876,0.07208823007069957
877,0.07134470574181358
878,0.07061435635359604
879,0.06989686173279483
880,0.0691919113902443
881,0.0684992041763063
882,0.06781844795017884
883,0.06714935926246324
884,0.06649166305040136
885,0.06584509234523274
886,0.06520938799113865
887,0.06458429837526757
888,0.06396957916836356
889,0.06336499307553538
890,0.0627703095967309
891,0.06218530479649782
892,0.06160976108263322
893,0.061043466993342295
894,0.06048621699254419
895,0.05993781127297813
896,0.05939805556678229
897,0.058866760963228175
898,0.05834374373331254
899,0.05782882516091764
900,0.057321831380269944
901,0.05682259321943094
902,0.0563309460495757
903,0.05584672963981656
904,0.05536978801734774
905,0.05489996933269124
906,0.05443712572983734
907,0.05398111322108062
908,0.05353179156636251
909,0.0530890241569384
910,0.05265267790319564
911,0.0522226231264583
912,0.05179873345461769
913,0.05138088572143998
914,0.05096895986940245
915,0.050562838855922915
916,0.05016240856284797
917,0.0497675577090715
