1,2.0492539763513173
2,2.0387054429384572
3,2.0272370457772166
4,2.01724784412331
5,2.009774444576157
6,2.0048748487812493
7,2.002074884012741
8,2.0007298783407927
9,2.000248876683077
10,2.0001927984014043
11,2.00028668099219
12,2.0003881414864235
13,2.000443071412374
14,2.0004460006333353
15,2.000411858833009
16,2.0003593724784037
17,2.0003034003121063
18,2.0002528815995686
19,2.0002116096953584
20,2.0001799587104196
21,2.000156544229155
22,2.000139414172116
23,2.000126725876209
24,2.0001170266463904
25,2.00010929152718
26,2.0001028469114077
27,2.0000972642188133
28,2.000092267029746
29,2.0000876664179166
30,2.0000833232629542
31,2.0000791299248326
32,2.00007500300507
33,2.000070880873735
34,2.00006672218632
35,2.0000625037304447
36,2.0000582173039203
37,2.0000538659912235
38,2.0000494603841394
39,2.000045015204422
40,2.000040546599843
41,2.000036070201559
42,2.0000315998963587
43,2.000027147191423
44,2.0000227210220345
45,2.000018327858122
46,2.000013971988312
47,2.000009655888998
48,2.000005380613702
49,2.0000011461614253
50,1.9999969518006142
51,1.9999927963381852
52,1.9999886783316414
53,1.9999845962476437
54,1.9999805485734274
55,1.9999765338888154
56,1.9999725509068917
57,1.9999685984909767
58,1.9999646756547191
59,1.9999607815510805
60,1.9999569154548509
61,1.9999530767422666
62,1.9999492648702906
63,1.9999454793572853
64,1.9999417197660865
65,1.9999379856899815
66,1.9999342767416706
67,1.9999305925450355
68,1.9999269327294016
69,1.9999232969258542
70,1.999919684765186
71,1.9999160958770736
72,1.9999125298900982
73,1.9999089864323178
74,1.9999054651321426
75,1.999901965619328
76,1.9998984875259667
77,1.9998950304873762
78,1.9998915941428577
79,1.9998881781362867
80,1.99988478211655
81,1.9998814057378294
82,1.9998780486597596
83,1.999874710547487
84,1.9998713910716384
85,1.9998680899082384
86,1.9998648067385836
87,1.9998615412490965
88,1.9998582931311628
89,1.9998550620809745
90,1.9998518477993688
91,1.9998486499916805
92,1.9998454683676044
93,1.9998423026410665
94,1.999839152530108
95,1.9998360177567795
96,1.9998328980470426
97,1.9998297931306777
98,1.999826702741203
99,1.9998236266157927
100,1.9998205644952018
101,1.9998175161236942
102,1.9998144812489709
103,1.9998114596221028
104,1.9998084509974623
105,1.9998054551326558
106,1.9998024717884628
107,1.9997995007287659
108,1.9997965417204937
109,1.9997935945335534
110,1.9997906589407708
111,1.9997877347178323
112,1.9997848216432237
113,1.9997819194981696
114,1.9997790280665833
115,1.9997761471350026
116,1.9997732764925387
117,1.9997704159308274
118,1.999767565243965
119,1.99976472422847
120,1.9997618926832201
121,1.9997590704094128
122,1.9997562572105108
123,1.9997534528921985
124,1.9997506572623331
125,1.9997478701308984
126,1.9997450913099635
127,1.9997423206136369
128,1.9997395578580224
129,1.9997368028611802
130,1.9997340554430838
131,1.9997313154255787
132,1.9997285826323448
133,1.999725856888857
134,1.9997231380223444
135,1.9997204258617587
136,1.9997177202377303
137,1.9997150209825372
138,1.9997123279300686
139,1.9997096409157886
140,1.999706959776704
141,1.9997042843513297
142,1.9997016144796556
143,1.9996989500031144
144,1.999696290764553
145,1.9996936366081945
146,1.9996909873796143
147,1.9996883429257073
148,1.9996857030946555
149,1.9996830677359065
150,1.9996804367001357
151,1.9996778098392265
152,1.9996751870062364
153,1.999672568055373
154,1.9996699528419688
155,1.9996673412224493
156,1.9996647330543127
157,1.9996621281961033
158,1.999659526507385
159,1.9996569278487162
160,1.9996543320816298
161,1.9996517390686033
162,1.9996491486730394
163,1.999646560759243
164,1.999643975192397
165,1.999641391838539
166,1.999638810564542
167,1.9996362312380898
168,1.9996336537276582
169,1.9996310779024913
170,1.9996285036325827
171,1.9996259307886532
172,1.999623359242133
173,1.9996207888651392
174,1.999618219530457
175,1.999615651111521
176,1.999613083482395
177,1.9996105165177536
178,1.9996079500928636
179,1.999605384083565
180,1.9996028183662535
181,1.9996002528178607
182,1.9995976873158403
183,1.999595121738146
184,1.9995925559632164
185,1.9995899898699587
186,1.9995874233377293
187,1.9995848562463185
188,1.9995822884759358
189,1.9995797199071874
190,1.9995771504210686
191,1.99957457989894
192,1.9995720082225157
193,1.9995694352738478
194,1.9995668609353074
195,1.999564285089574
196,1.9995617076196157
197,1.9995591284086771
198,1.9995565473402621
199,1.9995539642981215
200,1.9995513791662356
201,1.9995487918288013
202,1.9995462021702184
203,1.9995436100750719
204,1.9995410154281208
205,1.999538418114283
206,1.9995358180186207
207,1.999533215026326
208,1.9995306090227105
209,1.9995279998931854
210,1.9995253875232541
211,1.9995227717984951
212,1.9995201526045472
213,1.9995175298271
214,1.9995149033518778
215,1.999512273064626
216,1.9995096388511007
217,1.9995070005970512
218,1.9995043581882115
219,1.999501711510283
220,1.9994990604489247
221,1.999496404889738
222,1.9994937447182553
223,1.999491079819927
224,1.9994884100801062
225,1.9994857353840398
226,1.999483055616853
227,1.9994803706635382
228,1.9994776804089391
229,1.9994749847377422
230,1.999472283534462
231,1.9994695766834276
232,1.9994668640687725
233,1.9994641455744186
234,1.9994614210840682
235,1.9994586904811846
236,1.9994559536489875
237,1.9994532104704343
238,1.9994504608282095
239,1.9994477046047132
240,1.9994449416820474
241,1.999442171942002
242,1.9994393952660456
243,1.9994366115353086
244,1.9994338206305744
245,1.9994310224322653
246,1.9994282168204278
247,1.9994254036747225
248,1.9994225828744108
249,1.9994197542983412
250,1.9994169178249366
251,1.9994140733321828
252,1.999411220697613
253,1.9994083597982972
254,1.9994054905108287
255,1.999402612711309
256,1.9993997262753385
257,1.9993968310779993
258,1.9993939269938452
259,1.999391013896886
260,1.9993880916605755
261,1.9993851601577988
262,1.9993822192608557
263,1.9993792688414507
264,1.9993763087706782
265,1.9993733389190074
266,1.9993703591562708
267,1.9993673693516478
268,1.9993643693736536
269,1.999361359090122
270,1.9993583383681939
271,1.9993553070743029
272,1.999352265074159
273,1.9993492122327363
274,1.999346148414257
275,1.9993430734821764
276,1.9993399872991717
277,1.9993368897271226
278,1.9993337806270994
279,1.9993306598593454
280,1.9993275272832647
281,1.9993243827574054
282,1.999321226139442
283,1.9993180572861644
284,1.9993148760534596
285,1.9993116822962946
286,1.9993084758687023
287,1.9993052566237655
288,1.9993020244135988
289,1.9992987790893348
290,1.9992955205011063
291,1.9992922484980273
292,1.9992889629281805
293,1.999285663638597
294,1.9992823504752404
295,1.9992790232829876
296,1.9992756819056154
297,1.9992723261857779
298,1.9992689559649914
299,1.9992655710836162
300,1.9992621713808365
301,1.999258756694644
302,1.9992553268618196
303,1.9992518817179092
304,1.9992484210972135
305,1.999244944832761
306,1.9992414527562916
307,1.9992379446982378
308,1.9992344204877024
309,1.99923087995244
310,1.999227322918836
311,1.999223749211886
312,1.9992201586551754
313,1.9992165510708566
314,1.9992129262796294
315,1.999209284100719
316,1.999205624351854
317,1.999201946849243
318,1.9991982514075541
319,1.9991945378398925
320,1.999190805957774
321,1.9991870555711058
322,1.9991832864881611
323,1.9991794985155542
324,1.9991756914582188
325,1.999171865119382
326,1.9991680193005408
327,1.9991641538014333
328,1.9991602684200185
329,1.9991563629524476
330,1.9991524371930378
331,1.9991484909342467
332,1.9991445239666468
333,1.9991405360788947
334,1.9991365270577064
335,1.9991324966878297
336,1.999128444752015
337,1.9991243710309872
338,1.9991202753034156
339,1.9991161573458849
340,1.9991120169328676
341,1.9991078538366907
342,1.9991036678275063
343,1.9990994586732618
344,1.999095226139667
345,1.9990909699901618
346,1.999086689985885
347,1.9990823858856417
348,1.9990780574458693
349,1.9990737044206024
350,1.9990693265614414
351,1.9990649236175169
352,1.9990604953354532
353,1.9990560414593326
354,1.9990515617306621
355,1.9990470558883329
356,1.9990425236685845
357,1.9990379648049688
358,1.9990333790283081
359,1.9990287660666592
360,1.9990241256452717
361,1.9990194574865499
362,1.99901476131001
363,1.9990100368322405
364,1.9990052837668588
365,1.99900050182447
366,1.9989956907126232
367,1.9989908501357654
368,1.9989859797952019
369,1.998981079389046
370,1.9989761486121753
371,1.9989711871561866
372,1.9989661947093458
373,1.99896117095654
374,1.9989561155792317
375,1.9989510282554046
376,1.9989459086595187
377,1.9989407564624544
378,1.9989355713314632
379,1.9989303529301137
380,1.9989251009182385
381,1.99891981495188
382,1.9989144946832345
383,1.998909139760598
384,1.9989037498283053
385,1.998898324526675
386,1.9988928634919518
387,1.9988873663562412
388,1.998881832747455
389,1.998876262289245
390,1.9988706546009434
391,1.9988650092974956
392,1.9988593259893985
393,1.9988536042826333
394,1.9988478437785977
395,1.998842044074038
396,1.9988362047609813
397,1.9988303254266646
398,1.9988244056534623
399,1.9988184450188125
400,1.9988124430951468
401,1.9988063994498124
402,1.998800313644994
403,1.998794185237641
404,1.998788013779384
405,1.9987817988164567
406,1.9987755398896128
407,1.9987692365340435
408,1.9987628882792938
409,1.9987564946491767
410,1.9987500551616817
411,1.9987435693288909
412,1.998737036656887
413,1.9987304566456592
414,1.998723828789014
415,1.9987171525744727
416,1.9987104274831817
417,1.998703652989812
418,1.9986968285624553
419,1.9986899536625262
420,1.9986830277446557
421,1.9986760502565866
422,1.998669020639066
423,1.9986619383257356
424,1.9986548027430202
425,1.998647613310013
426,1.9986403694383639
427,1.9986330705321569
428,1.9986257159877954
429,1.9986183051938757
430,1.9986108375310674
431,1.9986033123719855
432,1.9985957290810599
433,1.998588087014408
434,1.9985803855196984
435,1.9985726239360186
436,1.9985648015937345
437,1.9985569178143483
438,1.9985489719103602
439,1.9985409631851172
440,1.9985328909326687
441,1.9985247544376121
442,1.99851655297494
443,1.9985082858098835
444,1.9984999521977524
445,1.9984915513837702
446,1.998483082602911
447,1.998474545079727
448,1.9984659380281804
449,1.9984572606514635
450,1.9984485121418236
451,1.9984396916803773
452,1.9984307984369272
453,1.99842183156977
454,1.998412790225507
455,1.9984036735388444
456,1.9983944806323937
457,1.9983852106164686
458,1.9983758625888735
459,1.9983664356346953
460,1.9983569288260832
461,1.99834734122203
462,1.9983376718681476
463,1.9983279197964343
464,1.998318084025044
465,1.9983081635580473
466,1.998298157385186
467,1.9982880644816263
468,1.9982778838077073
469,1.9982676143086793
470,1.998257254914444
471,1.9982468045392827
472,1.9982362620815857
473,1.9982256264235692
474,1.998214896430993
475,1.9982040709528681
476,1.998193148821161
477,1.9981821288504888
478,1.998171009837812
479,1.9981597905621182
480,1.998148469784101
481,1.9981370462458297
482,1.9981255186704168
483,1.9981138857616718
484,1.998102146203756
485,1.998090298660824
486,1.9980783417766586
487,1.9980662741743007
488,1.9980540944556697
489,1.998041801201175
490,1.9980293929693207
491,1.9980168682963024
492,1.9980042256955945
493,1.9979914636575264
494,1.9979785806488564
495,1.9979655751123286
496,1.9979524454662254
497,1.9979391901039083
498,1.9979258073933501
499,1.9979122956766553
500,1.997898653269572
501,1.997884878460992
502,1.9978709695124386
503,1.9978569246575475
504,1.9978427421015321
505,1.9978284200206389
506,1.9978139565615882
507,1.997799349841011
508,1.99778459794486
509,1.9977696989278197
510,1.9977546508126949
511,1.9977394515897928
512,1.997724099216284
513,1.9977085916155528
514,1.9976929266765355
515,1.997677102253038
516,1.9976611161630418
517,1.9976449661879925
518,1.9976286500720737
519,1.997612165521462
520,1.9975955102035676
521,1.9975786817462544
522,1.9975616777370457
523,1.9975444957223076
524,1.9975271332064166
525,1.9975095876509057
526,1.9974918564735922
527,1.9974739370476844
528,1.9974558267008642
529,1.9974375227143584
530,1.9974190223219712
531,1.9974003227091108
532,1.997381421011781
533,1.9973623143155574
534,1.99734299965453
535,1.9973234740102286
536,1.9973037343105173
537,1.9972837774284657
538,1.9972636001811905
539,1.9972431993286681
540,1.9972225715725225
541,1.9972017135547804
542,1.9971806218565922
543,1.9971592929969333
544,1.9971377234312593
545,1.9971159095501378
546,1.9970938476778421
547,1.9970715340709102
548,1.99704896491667
549,1.997026136331725
550,1.997003044360403
551,1.9969796849731667
552,1.996956054064982
553,1.9969321474536486
554,1.9969079608780813
555,1.9968834899965597
556,1.9968587303849166
557,1.9968336775346955
558,1.9968083268512513
559,1.9967826736518055
560,1.9967567131634492
561,1.9967304405210973
562,1.9967038507653858
563,1.9966769388405163
564,1.9966496995920444
565,1.9966221277646088
566,1.9965942179995995
567,1.9965659648327652
568,1.9965373626917629
569,1.996508405893628
570,1.9964790886421944
571,1.99644940502543
572,1.996419349012713
573,1.9963889144520235
574,1.99635809506707
575,1.9963268844543287
576,1.9962952760800072
577,1.9962632632769246
578,1.9962308392413044
579,1.9961979970294819
580,1.996164729554517
581,1.9961310295827173
582,1.9960968897300617
583,1.9960623024585264
584,1.9960272600723048
585,1.9959917547139256
586,1.9959557783602606
587,1.9959193228184169
588,1.9958823797215146
589,1.9958449405243488
590,1.9958069964989167
591,1.9957685387298316
592,1.9957295581095909
593,1.9956900453337187
594,1.9956499908957608
595,1.9956093850821413
596,1.9955682179668601
597,1.995526479406047
598,1.9954841590323467
599,1.9954412462491438
600,1.9953977302246158
601,1.9953535998856147
602,1.9953088439113542
603,1.9952634507269262
604,1.9952174084966128
605,1.995170705116994
606,1.9951233282098642
607,1.9950752651149135
608,1.9950265028822052
609,1.9949770282644148
610,1.9949268277088374
611,1.994875887349143
612,1.9948241929968884
613,1.9947717301327597
614,1.9947184838975471
615,1.9946644390828405
616,1.9946095801214319
617,1.9945538910774205
618,1.9944973556360077
619,1.9944399570929685
620,1.9943816783437929
621,1.9943225018724826
622,1.9942624097399884
623,1.994201383572284
624,1.994139404548053
625,1.994076453385983
626,1.9940125103316477
627,1.9939475551439685
628,1.993881567081229
629,1.9938145248866417
630,1.9937464067734398
631,1.9936771904094754
632,1.9936068529013158
633,1.9935353707778145
634,1.9934627199731296
635,1.993388875809187
636,1.9933138129775516
637,1.99323750552069
638,1.9931599268126066
639,1.9930810495388243
640,1.993000845675686
641,1.9929192864689516
642,1.9928363424116693
643,1.9927519832212814
644,1.992666177815951
645,1.9925788942900655
646,1.9924900998888995
647,1.992399760982389
648,1.9923078430379992
649,1.9922143105926402
650,1.9921191272235925
651,1.992022255518415
652,1.9919236570437873
653,1.9918232923132424
654,1.991721120753755
655,1.991617100671134
656,1.9915111892141737
657,1.991403342337518
658,1.9912935147631738
659,1.991181659940648
660,1.9910677300056117
661,1.990951675737077
662,1.9908334465129895
663,1.9907129902641976
664,1.9905902534267224
665,1.9904651808922584
666,1.9903377159568383
667,1.9902078002675836
668,1.990075373767465
669,1.9899403746379862
670,1.989802739239714
671,1.9896624020505569
672,1.9895192956017054
673,1.989373350411137
674,1.9892244949145756
675,1.989072655393815
676,1.9889177559022775
677,1.988759718187711
678,1.9885984616118892
679,1.9884339030671923
680,1.9882659568899428
681,1.9880945347703485
682,1.9879195456589192
683,1.9877408956691967
684,1.9875584879766452
685,1.9873722227135437
686,1.9871819968596915
687,1.9869877041287682
688,1.9867892348501415
689,1.9865864758459406
690,1.9863793103031777
691,1.9861676176407106
692,1.98595127337082
693,1.9857301489551604
694,1.9855041116548502
695,1.9852730243744277
696,1.985036745499424
697,1.984795128727248
698,1.9845480228911105
699,1.984295271776663
700,1.9840367139310406
701,1.9837721824639636
702,1.983501504840548
703,1.9832245026654598
704,1.982940991458017
705,1.9826507804178497
706,1.9823536721806816
707,1.9820494625638019
708,1.9817379403007584
709,1.9814188867647928
710,1.9810920756805117
711,1.9807572728232623
712,1.9804142357056638
713,1.980062713250713
714,1.979702445450862
715,1.979333163012434
716,1.9789545869847214
717,1.978566428373067
718,1.9781683877352176
719,1.9777601547601873
720,1.9773414078288496
721,1.9769118135554316
722,1.9764710263090481
723,1.9760186877143917
724,1.9755544261306297
725,1.9750778561075308
726,1.9745885778178125
727,1.9740861764646414
728,1.9735702216631696
729,1.9730402667949611
730,1.9724958483341073
731,1.9719364851437646
732,1.9713616777418164
733,1.9707709075343058
734,1.9701636360152155
735,1.9695393039311266
736,1.968897330409241
737,1.9682371120471687
738,1.9675580219628366
739,1.9668594088028275
740,1.9661405957073526
741,1.9654008792300561
742,1.964639528210735
743,1.9638557825990286
744,1.9630488522270524
745,1.9622179155288846
746,1.961362118204761
747,1.9604805718277691
748,1.9595723523907589
749,1.9586364987911447
750,1.95767201125121
751,1.9566778496714623
752,1.9556529319145532
753,1.9545961320172158
754,1.953506278327646
755,1.9523821515657036
756,1.9512224828032916
757,1.9500259513622618
758,1.9487911826271622
759,1.9475167457701652
760,1.9462011513855293
761,1.9448428490309608
762,1.9434402246733098
763,1.9419915980360911
764,1.9404952198464072
765,1.9389492689789598
766,1.9373518494949915
767,1.9357009875741396
768,1.9339946283374188
769,1.932230632559762
770,1.93040677327084
771,1.928520732243228
772,1.9265700963673222
773,1.9245523539128941
774,1.922464890677638
775,1.9203049860236452
776,1.9180698088033823
777,1.915756413177485
778,1.913361734327492
779,1.9108825840675656
780,1.9083156463602953
781,1.9056574727428166
782,1.9029044776707829
783,1.9000529337891576
784,1.8970989671403953
785,1.8940385523223484
786,1.8908675076101984
787,1.8875814900588843
788,1.8841759906048912
789,1.8806463291889006
790,1.8769876499237301
791,1.8731949163351478
792,1.8692629067067026
793,1.8651862095635217
794,1.8609592193342523
795,1.8565761322349368
796,1.852030942423617
797,1.8473174384799682
798,1.8424292002701967
799,1.8373595962639446
800,1.8321017813769405
801,1.8266486954207561
802,1.8209930622492276
803,1.8151273896999434
804,1.8090439704386856
805,1.8027348838248898
806,1.7961919989270096
807,1.789406978828195
808,1.7823712863748506
809,1.7750761915334277
810,1.767512780534107
811,1.7596719669938485
812,1.7515445052253655
813,1.7431210059528386
814,1.7343919546693645
815,1.7253477328848803
816,1.715978642526308
817,1.7062749337633838
818,1.6962268365435296
819,1.6858245961264515
820,1.6750585129130755
821,1.6639189868629538
822,1.6523965667882718
823,1.6404820047996456
824,1.628166316157684
825,1.6154408447530153
826,1.6022973343945208
827,1.5887280060289237
828,1.5747256409428882
829,1.5602836699094809
830,1.5453962681326558
831,1.530058455714911
832,1.5142662032236034
833,1.498016541760177
834,1.481307676744441
835,1.4641391044144467
836,1.446511729814413
837,1.428427984802619
838,1.4098919443642022
839,1.3909094392677297
840,1.371488162868532
841,1.3516377696468589
842,1.3313699628870612
843,1.3106985687684571
844,1.2896395940628846
845,1.2682112646317445
846,1.2464340419990363
847,1.2243306154571543
848,1.201925867446848
849,1.1792468103456566
850,1.1563224932997238
851,1.1331838783358852
852,1.1098636856824502
853,1.0863962089898618
854,1.0628171019526984
855,1.0391631386630902
856,1.0154719508396106
857,0.9917817458396506
858,0.9681310100412934
859,0.9445582027387437
860,0.9211014461032573
861,0.8977982169954728
862,0.874685046459159
863,0.8517972325743269
864,0.8291685720031533
865,0.8068311150391282
866,0.7848149482915305
867,0.7631480083348786
868,0.741855928763326
869,0.720961922153299
870,0.7004866974950127
871,0.6804484127439374
872,0.6608626613018572
873,0.6417424904928853
874,0.6230984494746261
875,0.6049386635326283
876,0.5872689313536382
877,0.5700928416589083
878,0.5534119054955144
879,0.5372257005187774
880,0.5215320237362863
881,0.5063270494050464
882,0.4916054890585937
883,0.4773607509711081
884,0.4635850967226513
885,0.4502697928973628
886,0.4374052563108998
887,0.424981191513331
888,0.4129867196403674
889,0.40141049798307865
890,0.3902408299102197
891,0.37946576500603624
892,0.3690731894797264
893,0.35905090706162207
894,0.34938671072768007
895,0.34006844569076566
896,0.3310840641675715
897,0.32242167247721837
898,0.3140695710549811
899,0.30601628797540503
900,0.298250606576433
901,0.2907615877627744
902,0.2835385875451502
903,0.2765712703444154
904,0.26984961855769385
905,0.2633639388492094
906,0.257104865592657
907,0.25106336185582123
908,0.24523071828248094
909,0.2395985501920827
910,0.23415879318465446
911,0.22890369750727874
912,0.22382582140936014
913,0.218918023687001
914,0.21417345559208248
915,0.20958555225911912
916,0.20514802378254424
917,0.20085484605870887
918,0.19670025149040793
919,0.192678719637089
920,0.18878496788088195
921,0.18501394216710143
922,0.1813608078677892
923,0.1778209408080147
924,0.17438991848697172
925,0.17106351151921695
926,0.16783767531564514
927,0.16470854201882607
928,0.16167241270310567
929,0.1587257498462553
930,0.155865170076416
931,0.15308743719552273
932,0.15038945547825253
933,0.14776826324379103
934,0.14522102669625903
935,0.14274503402848288
936,0.14033768978286834
937,0.13799650946241515
938,0.1357191143843716
939,0.1335032267686293
940,0.13134666505269438
941,0.1292473394249049
942,0.12720324756749726
943,0.1252124706011232
944,0.1232731692224801
945,0.12138358002683453
946,0.1195420120073642
947,0.11774684322343534
948,0.11599651763013928
949,0.11428954206163651
950,0.11262448336110682
951,0.11099996565034614
952,0.1094146677323198
953,0.10786732062022947
954,0.10635670518692536
955,0.1048816499287434
956,0.10344102883811364
957,0.10203375937952698
958,0.10065880056370465
959,0.0993151511150457
960,0.09800184772766253
961,0.09671796340554333
962,0.09546260588259184
963,0.0942349161185035
964,0.09303406686664362
965,0.09185926131027769
966,0.09070973176369516
967,0.08958473843493524
968,0.0884835682470024
969,0.08740553371460777
970,0.08634997187363434
971,0.08531624326066375
972,0.08430373094004359
973,0.08331183957610154
974,0.08233999454824306
975,0.08138764110678365
976,0.08045424356747705
977,0.0795392845428155
978,0.07864226420826936
979,0.07776269960173421
980,0.07690012395454596
981,0.07605408605250535
982,0.07522414962543844
983,0.0744098927638943
984,0.07361090736165574
985,0.07282679858280831
986,0.07205718435217373
987,0.0713016948679824
988,0.07055997213571231
989,0.06983166952208032
990,0.06911645132822286
991,0.06841399238115217
992,0.06772397764262239
993,0.06704610183458336
994,0.06638006908044256
995,0.06572559256139168
996,0.06508239418710005
997,0.06445020428010374
998,0.06382876127325672
999,0.06321781141964551
1000,0.06261710851439106
1001,0.06202641362779881
1002,0.061445494849337645
1003,0.06087412704196034
1004,0.06031209160629553
1005,0.05975917625427146
1006,0.05921517479174683
1007,0.05867988690975072
1008,0.0581531179839475
1009,0.05763467888196549
1010,0.05712438577824355
1011,0.056622059976065744
1012,0.05612752773647393
1013,0.05564062011375617
1014,0.05516117279723154
1015,0.05468902595905639
1016,0.0542240241077991
1017,0.053766015947533996
1018,0.05331485424222207
1019,0.05287039568515639
1020,0.05243250077325744
1021,0.05200103368601637
1022,0.051575862168893906
1023,0.051156857420987994
1024,0.05074389398679611
1025,0.05033684965190237
1026,0.049935605342430654
