-25.0
113.0
43.0
57.0
27.0
105.0
20.0
335.0
49.0
69.0
35.0
119.0
127.0
150.0
93.0
68.0
-5.0
14.0
400.0
213.0
204.0
61.0
30.0
23.0
153.0
270.0
59.0
122.0
281.0
160.0
84.0
262.0
-32.0
129.0
-15.0
81.0
-15.0
59.0
-88.0
275.0
239.0
38.0
234.0
128.0
36.0
140.0
-12.0
240.0
48.0
28.0
193.0
-6.0
72.0
164.0
149.0
10.0
137.0
88.0
-5.0
206.0
47.0
30.0
144.0
162.0
85.0
124.0
92.0
186.0
147.0
12.0
110.0
-30.0
125.0
57.0
103.0
24.0
74.0
29.0
125.0
119.0
-76.0
15.0
108.0
117.0
114.0
314.0
203.0
36.0
253.0
235.0
62.0
160.0
41.0
54.0
6.0
80.0
-62.0
-22.0
58.0
123.0
402.0
248.0
74.0
241.0
24.0
260.0
84.0
131.0
119.0
167.0
1.0
57.0
114.0
317.0
264.0
24.0
199.0
-20.0
79.0
28.0
190.0
8.0
284.0
-16.0
203.0
99.0
-6.0
182.0
269.0
159.0
223.0
184.0
120.0
134.0
51.0
80.0
272.0
47.0
-16.0
30.0
82.0
162.0
35.0
82.0
7.0
96.0
7.0
-42.0
72.0
60.0
158.0
158.0
109.0
292.0
283.0
-45.0
-35.0
171.0
-56.0
92.0
-63.0
34.0
40.0
3.0
65.0
252.0
147.0
299.0
43.0
112.0
126.0
35.0
180.0
173.0
128.0
33.0
229.0
148.0
257.0
94.0
29.0
65.0
194.0
59.0
57.0
42.0
204.0
194.0
79.0
-22.0
59.0
47.0
80.0
-42.0
107.0
69.0
213.0
37.0
205.0
29.0
98.0
66.0
144.0
398.0
41.0
101.0
90.0
193.0
85.0
205.0
98.0
179.0
15.0
97.0
225.0
16.0
180.0
139.0
-14.0
63.0
77.0
160.0
179.0
43.0
94.0
72.0
-17.0
23.0
-117.0
185.0
25.0
-44.0
-116.0
168.0
192.0
22.0
63.0
77.0
116.0
98.0
163.0
148.0
120.0
146.0
160.0
191.0
117.0
266.0
159.0
52.0
-21.0
285.0
42.0
160.0
202.0
88.0
218.0
32.0
205.0
50.0
204.0
207.0
8.0
-34.0
144.0
179.0
195.0
204.0
224.0
7.0
-72.0
114.0
75.0
182.0
-5.0
100.0
50.0
238.0
8.0
180.0
284.0
170.0
184.0
277.0
25.0
58.0
7.0
34.0
305.0
33.0
113.0
173.0
219.0
341.0
90.0
147.0
309.0
85.0
7.0
229.0
134.0
60.0
103.0
82.0
12.0
193.0
84.0
132.0
205.0
179.0
185.0
17.0
194.0
280.0
172.0
373.0
49.0
188.0
84.0
80.0
109.0
184.0
73.0
154.0
46.0
149.0
28.0
25.0
109.0
104.0
37.0
363.0
79.0
114.0
198.0
413.0
223.0
85.0
8.0
82.0
164.0
190.0
263.0
163.0
269.0
279.0
174.0
176.0
159.0
99.0
168.0
-16.0
247.0
202.0
167.0
35.0
131.0
172.0
48.0
198.0
42.0
67.0
231.0
204.0
79.0
7.0
255.0
127.0
124.0
57.0
114.0
270.0
93.0
213.0
175.0
80.0
209.0
-50.0
269.0
145.0
473.0
164.0
148.0
154.0
298.0
-5.0
184.0
55.0
72.0
284.0
164.0
50.0
70.0
79.0
179.0
84.0
78.0
60.0
33.0
265.0
172.0
26.0
239.0
134.0
-17.0
208.0
159.0
80.0
389.0
214.0
375.0
75.0
104.0
74.0
294.0
61.0
230.0
-150.0
155.0
186.0
110.0
103.0
175.0
167.0
169.0
300.0
95.0
389.0
160.0
80.0
150.0
191.0
128.0
251.0
70.0
29.0
197.0
405.0
22.0
92.0
57.0
274.0
120.0
29.0
112.0
190.0
315.0
283.0
88.0
210.0
81.0
57.0
116.0
60.0
167.0
174.0
403.0
294.0
61.0
105.0
248.0
100.0
230.0
211.0
43.0
63.0
176.0
65.0
148.0
174.0
103.0
183.0
142.0
73.0
338.0
-30.0
205.0
110.0
27.0
143.0
279.0
153.0
190.0
295.0
198.0
100.0
217.0
99.0
24.0
284.0
127.0
138.0
205.0
172.0
214.0
90.0
290.0
69.0
69.0
123.0
78.0
195.0
147.0
174.0
108.0
303.0
132.0
204.0
375.0
90.0
57.0
64.0
383.0
105.0
19.0
173.0
149.0
169.0
217.0
184.0
142.0
55.0
164.0
298.0
250.0
314.0
138.0
179.0
290.0
210.0
219.0
75.0
300.0
54.0
175.0
160.0
48.0
339.0
184.0
174.0
309.0
94.0
94.0
289.0
180.0
180.0
214.0
199.0
204.0
88.0
89.0
67.0
381.0
120.0
195.0
445.0
32.0
135.0
74.0
312.0
78.0
280.0
165.0
79.0
170.0
218.0
53.0
69.0
3.0
80.0
453.0
210.0
133.0
409.0
15.0
87.0
110.0
95.0
190.0
299.0
328.0
145.0
75.0
79.0
68.0
210.0
184.0
110.0
285.0
280.0
285.0
315.0
89.0
84.0
63.0
165.0
143.0
55.0
100.0
405.0
208.0
370.0
63.0
144.0
185.0
190.0
229.0
423.0
267.0
260.0
219.0
220.0
250.0
284.0
194.0
175.0
310.0
269.0
103.0
272.0
176.0
105.0
122.0
172.0
200.0
184.0
269.0
70.0
75.0
80.0
179.0
143.0
53.0
194.0
185.0
78.0
93.0
149.0
380.0
136.0
189.0
168.0
200.0
163.0
194.0
174.0
152.0
48.0
164.0
163.0
225.0
48.0
85.0
79.0
79.0
38.0
100.0
289.0
189.0
53.0
152.0
185.0
165.0
264.0
154.0
67.0
33.0
133.0
39.0
295.0
95.0
89.0
189.0
42.0
89.0
300.0
164.0
145.0
148.0
84.0
317.0
265.0
75.0
300.0
100.0
140.0
170.0
175.0
99.0
95.0
290.0
59.0
285.0
299.0
84.0
39.0
189.0
199.0
41.0
162.0
170.0
152.0
80.0
169.0
45.0
218.0
138.0
104.0
99.0
39.0
94.0
58.0
175.0
84.0
179.0
55.0
95.0
84.0
180.0
49.0
68.0
59.0
19.0
70.0
89.0
139.0
205.0
39.0
165.0
58.0
100.0
184.0
179.0
190.0
44.0
169.0
124.0
59.0
129.0
90.0
74.0
195.0
134.0
165.0
47.0
110.0
65.0
70.0
49.0
98.0
139.0
108.0
33.0
165.0
85.0
174.0
34.0
152.0
54.0
140.0
150.0
43.0
22.0
94.0
58.0
285.0
105.0
37.0
164.0
150.0
154.0
175.0
83.0
215.0
124.0
145.0
44.0
154.0
255.0
110.0
120.0
53.0
95.0
49.0
160.0
34.0
115.0
78.0
44.0
174.0
110.0
101.0
168.0
-61.0
75.0
220.0
130.0
149.0
210.0
115.0
20.0
190.0
14.0
60.0
154.0
44.0
49.0
175.0
74.0
154.0
49.0
115.0
75.0
140.0
45.0
125.0
175.0
194.0
130.0
60.0
104.0
55.0
42.0
84.0
95.0
49.0
160.0
174.0
59.0
70.0
150.0
75.0
65.0
59.0
90.0
95.0
114.0
50.0
45.0
70.0
189.0
165.0
260.0
170.0
141.0
175.0
130.0
45.0
40.0
33.0
80.0
145.0
273.0
42.0
62.0
75.0
83.0
188.0
158.0
165.0
128.0
105.0
127.0
24.0
29.0
180.0
59.0
75.0
68.0
170.0
55.0
78.0
100.0
170.0
150.0
80.0
50.0
103.0
10.0
85.0
265.0
28.0
60.0
109.0
145.0
290.0
60.0
32.0
60.0
70.0
190.0
98.0
239.0
72.0
125.0
89.0
73.0
295.0
151.0
75.0
105.0
155.0
50.0
169.0
165.0
95.0
188.0
172.0
83.0
155.0
94.0
54.0
165.0
74.0
74.0
60.0
73.0
40.0
273.0
132.0
189.0
149.0
155.0
75.0
160.0
170.0
145.0
179.0
63.0
75.0
64.0
165.0
55.0
193.0
64.0
140.0
59.0
35.0
285.0
174.0
39.0
35.0
174.0
107.0
150.0
90.0
159.0
55.0
150.0
73.0
51.0
25.0
90.0
60.0
170.0
150.0
155.0
190.0
160.0
7.0
144.0
114.0
69.0
133.0
149.0
175.0
141.0
30.0
158.0
90.0
170.0
85.0
65.0
140.0
159.0
80.0
109.0
-17.0
140.0
63.0
40.0
120.0
55.0
61.0
178.0
169.0
51.0
54.0
52.0
83.0
110.0
37.0
180.0
140.0
75.0
65.0
53.0
64.0
63.0
209.0
63.0
68.0
63.0
157.0
187.0
173.0
85.0
184.0
65.0
190.0
122.0
60.0
75.0
250.0
250.0
40.0
85.0
71.0
63.0
50.0
154.0
30.0
179.0
78.0
25.0
120.0
53.0
40.0
175.0
245.0
75.0
68.0
145.0
75.0
99.0
60.0
199.0
73.0
65.0
160.0
180.0
85.0
85.0
175.0
74.0
115.0
50.0
140.0
15.0
100.0
70.0
154.0
134.0
69.0
89.0
155.0
64.0
98.0
52.0
85.0
125.0
40.0
237.0
199.0
183.0
88.0
75.0
137.0
80.0
125.0
155.0
155.0
245.0
44.0
179.0
180.0
90.0
145.0
33.0
54.0
50.0
75.0
76.0
64.0
30.0
55.0
55.0
170.0
46.0
164.0
24.0
95.0
95.0
44.0
184.0
240.0
145.0
90.0
80.0
174.0
285.0
49.0
131.0
79.0
95.0
175.0
49.0
55.0
-16.0
235.0
353.0
45.0
75.0
69.0
74.0
188.0
90.0
180.0
170.0
74.0
260.0
105.0
274.0
174.0
169.0
98.0
51.0
90.0
173.0
90.0
145.0
50.0
60.0
29.0
180.0
62.0
125.0
144.0
145.0
168.0
88.0
39.0
55.0
174.0
149.0
150.0
79.0
103.0
48.0
105.0
67.0
45.0
88.0
169.0
37.0
40.0
269.0
60.0
82.0
147.0
70.0
140.0
80.0
58.0
90.0
70.0
142.0
69.0
158.0
248.0
280.0
70.0
125.0
175.0
35.0
262.0
69.0
55.0
100.0
125.0
45.0
177.0
53.0
175.0
165.0
210.0
110.0
114.0
60.0
195.0
263.0
225.0
65.0
59.0
239.0
234.0
50.0
125.0
65.0
65.0
64.0
188.0
233.0
79.0
105.0
265.0
177.0
168.0
90.0
295.0
34.0
50.0
69.0
147.0
49.0
237.0
38.0
34.0
229.0
88.0
294.0
55.0
87.0
4.0
113.0
274.0
60.0
173.0
170.0
45.0
65.0
144.0
88.0
65.0
170.0
100.0
55.0
35.0
150.0
120.0
99.0
190.0
59.0
38.0
53.0
94.0
74.0
70.0
160.0
69.0
190.0
94.0
90.0
50.0
161.0
170.0
168.0
50.0
45.0
84.0
145.0
170.0
51.0
60.0
60.0
305.0
75.0
160.0
-85.0
249.0
155.0
33.0
79.0
159.0
179.0
54.0
69.0
165.0
83.0
60.0
145.0
168.0
182.0
58.0
65.0
153.0
60.0
135.0
229.0
262.0
45.0
110.0
138.0
63.0
95.0
235.0
30.0
155.0
20.0
253.0
70.0
73.0
109.0
57.0
55.0
79.0
227.0
150.0
102.0
93.0
68.0
39.0
115.0
73.0
103.0
55.0
244.0
104.0
150.0
90.0
50.0
169.0
165.0
185.0
58.0
274.0
125.0
65.0
60.0
138.0
60.0
-28.0
124.0
109.0
148.0
135.0
95.0
74.0
135.0
105.0
118.0
140.0
67.0
154.0
231.0
76.0
125.0
279.0
80.0
180.0
63.0
190.0
34.0
184.0
35.0
50.0
65.0
200.0
170.0
38.0
75.0
38.0
55.0
74.0
40.0
150.0
109.0
40.0
37.0
49.0
228.0
175.0
390.0
79.0
50.0
80.0
164.0
160.0
177.0
200.0
168.0
139.0
160.0
60.0
284.0
165.0
35.0
70.0
-12.0
105.0
69.0
55.0
58.0
90.0
70.0
144.0
150.0
110.0
49.0
85.0
70.0
90.0
74.0
65.0
40.0
95.0
131.0
95.0
155.0
180.0
34.0
75.0
102.0
155.0
165.0
160.0
180.0
85.0
75.0
69.0
35.0
100.0
95.0
62.0
185.0
80.0
130.0
79.0
50.0
144.0
107.0
74.0
47.0
38.0
160.0
165.0
64.0
89.0
153.0
154.0
144.0
265.0
190.0
63.0
254.0
58.0
75.0
184.0
165.0
43.0
55.0
69.0
175.0
59.0
59.0
174.0
265.0
104.0
40.0
190.0
104.0
158.0
108.0
93.0
149.0
65.0
54.0
80.0
82.0
70.0
164.0
43.0
65.0
230.0
164.0
64.0
130.0
175.0
154.0
145.0
83.0
40.0
110.0
155.0
45.0
165.0
43.0
160.0
90.0
90.0
185.0
69.0
85.0
97.0
64.0
69.0
154.0
174.0
35.0
140.0
73.0
32.0
