-561.0
-496.0
-724.0
-597.0
-606.0
-426.0
-381.0
-556.0
-630.0
-361.0
-432.0
-252.0
-498.0
-285.0
56.0
-412.0
-244.0
-299.0
-312.0
-241.0
-319.0
-382.0
-506.0
-278.0
-309.0
-209.0
-307.0
-109.0
-120.0
-217.0
-308.0
-158.0
-184.0
-28.0
-387.0
-338.0
-76.0
-350.0
-441.0
-356.0
-376.0
-152.0
-198.0
-626.0
-253.0
-287.0
-198.0
-477.0
-169.0
-223.0
-248.0
-230.0
-260.0
-394.0
-346.0
-302.0
-92.0
-157.0
-192.0
-537.0
-163.0
-167.0
-257.0
-273.0
-193.0
-169.0
-432.0
-354.0
-73.0
-181.0
-151.0
-120.0
-312.0
-84.0
-323.0
-171.0
-347.0
-36.0
-205.0
-145.0
-363.0
-127.0
-422.0
-220.0
-161.0
-342.0
-216.0
-173.0
-435.0
-141.0
-97.0
-171.0
-431.0
-156.0
-432.0
-257.0
-208.0
-267.0
-393.0
-535.0
-192.0
-205.0
-223.0
-386.0
-85.0
-312.0
-247.0
-581.0
-128.0
-182.0
-373.0
-183.0
-421.0
-332.0
-172.0
-603.0
-309.0
-140.0
-81.0
-477.0
-643.0
-166.0
-233.0
-596.0
-371.0
-361.0
-277.0
-236.0
-187.0
-236.0
-216.0
-267.0
-183.0
-248.0
-215.0
-22.0
-231.0
-191.0
-551.0
-184.0
-265.0
-192.0
-173.0
-268.0
-128.0
-203.0
-276.0
-191.0
-361.0
-367.0
-332.0
-287.0
-127.0
-128.0
-80.0
-225.0
-383.0
-172.0
-337.0
-117.0
-172.0
-86.0
-57.0
-149.0
-287.0
-37.0
52.0
-325.0
-177.0
-162.0
-236.0
-112.0
-259.0
-239.0
-567.0
-110.0
-209.0
-275.0
-10.0
-271.0
-290.0
-160.0
-82.0
-243.0
-136.0
-68.0
-55.0
-172.0
-85.0
-244.0
-7.0
-97.0
-146.0
-86.0
-191.0
-366.0
-51.0
-314.0
-137.0
-136.0
-21.0
-106.0
-481.0
-195.0
-76.0
-72.0
-299.0
-286.0
-131.0
-159.0
-57.0
149.0
-82.0
-137.0
-48.0
-191.0
-55.0
-252.0
-143.0
40.0
-242.0
-157.0
-236.0
-252.0
5.0
-80.0
-168.0
-217.0
16.0
-107.0
-173.0
-49.0
-272.0
121.0
-107.0
-76.0
-50.0
-326.0
-128.0
-287.0
6.0
-203.0
-198.0
-22.0
64.0
-1.0
-24.0
-113.0
127.0
-156.0
-36.0
-136.0
68.0
-210.0
-47.0
78.0
-1.0
-193.0
24.0
-62.0
-21.0
-225.0
-164.0
-181.0
122.0
-68.0
-162.0
-42.0
28.0
-109.0
-102.0
-92.0
-82.0
135.0
236.0
-35.0
-141.0
113.0
7.0
-455.0
-140.0
-134.0
38.0
-267.0
-25.0
-124.0
-135.0
-378.0
37.0
34.0
-126.0
-472.0
38.0
39.0
-35.0
-167.0
-21.0
2.0
-192.0
-175.0
-142.0
-102.0
-252.0
-101.0
-49.0
-11.0
45.0
-134.0
-22.0
-92.0
-259.0
-26.0
-16.0
-301.0
-49.0
111.0
77.0
88.0
80.0
-83.0
-47.0
-182.0
23.0
-136.0
24.0
117.0
45.0
-118.0
-131.0
67.0
123.0
171.0
6.0
-81.0
95.0
13.0
345.0
-117.0
59.0
145.0
137.0
-87.0
-311.0
181.0
16.0
-11.0
28.0
255.0
65.0
30.0
138.0
57.0
35.0
230.0
-36.0
11.0
104.0
146.0
208.0
-157.0
54.0
98.0
194.0
114.0
61.0
-146.0
-81.0
-38.0
64.0
190.0
25.0
198.0
26.0
-267.0
-71.0
476.0
191.0
184.0
57.0
158.0
40.0
62.0
210.0
138.0
-1.0
397.0
30.0
-77.0
76.0
65.0
67.0
66.0
113.0
218.0
8.0
123.0
288.0
15.0
298.0
127.0
310.0
176.0
184.0
78.0
161.0
225.0
-54.0
48.0
343.0
163.0
184.0
279.0
69.0
147.0
180.0
204.0
46.0
217.0
74.0
217.0
164.0
73.0
175.0
68.0
105.0
-6.0
264.0
25.0
79.0
193.0
88.0
92.0
274.0
63.0
309.0
125.0
200.0
301.0
193.0
152.0
222.0
67.0
110.0
52.0
48.0
171.0
235.0
59.0
558.0
97.0
163.0
304.0
228.0
304.0
58.0
113.0
19.0
313.0
59.0
174.0
173.0
73.0
95.0
55.0
-1.0
136.0
92.0
160.0
144.0
270.0
159.0
37.0
168.0
149.0
108.0
215.0
188.0
170.0
165.0
178.0
255.0
36.0
47.0
167.0
104.0
98.0
36.0
40.0
205.0
101.0
245.0
84.0
59.0
47.0
93.0
210.0
75.0
83.0
25.0
36.0
390.0
-11.0
214.0
69.0
59.0
64.0
197.0
175.0
302.0
33.0
-8.0
159.0
140.0
41.0
57.0
169.0
192.0
134.0
50.0
188.0
394.0
134.0
254.0
191.0
178.0
133.0
189.0
289.0
134.0
284.0
100.0
168.0
359.0
80.0
205.0
94.0
199.0
310.0
245.0
65.0
321.0
98.0
394.0
148.0
289.0
99.0
192.0
200.0
24.0
269.0
230.0
132.0
134.0
75.0
205.0
173.0
15.0
40.0
179.0
439.0
74.0
308.0
95.0
149.0
89.0
268.0
161.0
303.0
114.0
304.0
115.0
98.0
274.0
262.0
230.0
59.0
395.0
180.0
185.0
270.0
7.0
24.0
89.0
194.0
95.0
45.0
165.0
170.0
45.0
-14.0
68.0
299.0
190.0
169.0
67.0
174.0
304.0
199.0
197.0
64.0
54.0
158.0
179.0
165.0
388.0
175.0
78.0
290.0
252.0
70.0
375.0
133.0
41.0
158.0
263.0
285.0
39.0
68.0
70.0
44.0
90.0
315.0
135.0
380.0
418.0
115.0
185.0
89.0
150.0
90.0
85.0
270.0
169.0
59.0
250.0
80.0
283.0
17.0
150.0
238.0
82.0
104.0
63.0
99.0
194.0
137.0
200.0
83.0
35.0
209.0
255.0
98.0
180.0
90.0
109.0
169.0
264.0
179.0
178.0
149.0
179.0
120.0
159.0
63.0
165.0
209.0
59.0
82.0
199.0
72.0
195.0
120.0
80.0
370.0
93.0
275.0
115.0
103.0
194.0
188.0
33.0
199.0
260.0
185.0
239.0
302.0
180.0
48.0
100.0
210.0
99.0
68.0
49.0
55.0
245.0
70.0
100.0
130.0
80.0
108.0
187.0
234.0
167.0
378.0
298.0
190.0
124.0
70.0
64.0
189.0
2.0
253.0
284.0
189.0
35.0
256.0
198.0
175.0
260.0
200.0
184.0
205.0
79.0
193.0
195.0
278.0
319.0
79.0
59.0
65.0
210.0
165.0
299.0
80.0
79.0
123.0
149.0
183.0
375.0
184.0
135.0
249.0
99.0
59.0
262.0
98.0
202.0
314.0
175.0
419.0
73.0
189.0
308.0
310.0
288.0
179.0
273.0
60.0
190.0
264.0
143.0
41.0
104.0
98.0
195.0
212.0
150.0
110.0
170.0
285.0
320.0
95.0
178.0
64.0
83.0
195.0
60.0
59.0
49.0
194.0
113.0
160.0
108.0
76.0
38.0
70.0
97.0
162.0
94.0
150.0
65.0
185.0
67.0
150.0
84.0
165.0
290.0
174.0
173.0
290.0
85.0
57.0
46.0
178.0
103.0
170.0
199.0
69.0
264.0
269.0
60.0
178.0
145.0
78.0
189.0
55.0
248.0
80.0
85.0
62.0
155.0
95.0
290.0
54.0
180.0
85.0
305.0
195.0
145.0
156.0
95.0
245.0
205.0
59.0
33.0
88.0
84.0
69.0
23.0
235.0
189.0
65.0
39.0
115.0
72.0
132.0
166.0
54.0
85.0
100.0
33.0
85.0
45.0
65.0
355.0
66.0
160.0
30.0
69.0
144.0
180.0
159.0
50.0
148.0
90.0
150.0
163.0
158.0
152.0
79.0
151.0
115.0
145.0
105.0
90.0
170.0
150.0
150.0
105.0
50.0
45.0
359.0
49.0
70.0
34.0
175.0
274.0
80.0
65.0
170.0
58.0
75.0
75.0
80.0
94.0
33.0
75.0
94.0
180.0
54.0
85.0
250.0
54.0
150.0
272.0
169.0
69.0
70.0
170.0
145.0
170.0
75.0
75.0
164.0
64.0
64.0
40.0
167.0
109.0
180.0
210.0
65.0
69.0
54.0
159.0
55.0
145.0
69.0
135.0
59.0
160.0
155.0
93.0
94.0
84.0
265.0
140.0
165.0
41.0
94.0
100.0
165.0
74.0
175.0
120.0
294.0
85.0
104.0
65.0
144.0
193.0
95.0
30.0
148.0
75.0
140.0
310.0
100.0
50.0
75.0
93.0
73.0
180.0
49.0
140.0
142.0
45.0
80.0
65.0
99.0
40.0
190.0
79.0
219.0
145.0
80.0
155.0
103.0
140.0
135.0
70.0
32.0
99.0
75.0
65.0
85.0
45.0
200.0
80.0
69.0
160.0
129.0
70.0
173.0
15.0
260.0
90.0
70.0
145.0
255.0
100.0
143.0
50.0
24.0
185.0
74.0
69.0
74.0
64.0
72.0
50.0
103.0
20.0
139.0
65.0
54.0
64.0
200.0
94.0
85.0
69.0
165.0
79.0
124.0
84.0
55.0
205.0
59.0
184.0
174.0
70.0
110.0
159.0
65.0
39.0
249.0
40.0
159.0
85.0
29.0
89.0
70.0
85.0
155.0
155.0
88.0
170.0
160.0
130.0
149.0
245.0
169.0
75.0
110.0
20.0
89.0
90.0
185.0
90.0
69.0
157.0
50.0
30.0
73.0
45.0
64.0
304.0
30.0
164.0
40.0
63.0
69.0
55.0
134.0
30.0
285.0
35.0
54.0
160.0
124.0
84.0
170.0
154.0
155.0
44.0
64.0
70.0
159.0
59.0
80.0
90.0
105.0
168.0
77.0
334.0
175.0
180.0
70.0
70.0
49.0
70.0
109.0
189.0
159.0
90.0
255.0
70.0
84.0
74.0
55.0
190.0
149.0
50.0
215.0
125.0
135.0
109.0
54.0
167.0
75.0
50.0
90.0
25.0
40.0
35.0
125.0
190.0
160.0
51.0
75.0
10.0
144.0
59.0
75.0
190.0
60.0
70.0
65.0
88.0
68.0
80.0
45.0
50.0
50.0
188.0
110.0
155.0
85.0
59.0
210.0
64.0
85.0
115.0
80.0
79.0
110.0
158.0
40.0
270.0
132.0
49.0
170.0
73.0
14.0
165.0
150.0
80.0
260.0
85.0
35.0
164.0
79.0
59.0
158.0
49.0
138.0
60.0
79.0
165.0
41.0
55.0
79.0
128.0
54.0
110.0
183.0
44.0
200.0
29.0
45.0
168.0
85.0
45.0
160.0
114.0
69.0
168.0
53.0
129.0
208.0
85.0
99.0
33.0
117.0
95.0
79.0
135.0
64.0
57.0
103.0
109.0
85.0
120.0
90.0
225.0
40.0
180.0
99.0
145.0
145.0
159.0
169.0
70.0
278.0
55.0
110.0
73.0
74.0
179.0
69.0
190.0
54.0
90.0
150.0
160.0
143.0
65.0
160.0
150.0
95.0
175.0
59.0
109.0
90.0
74.0
40.0
65.0
84.0
184.0
87.0
155.0
169.0
154.0
75.0
70.0
45.0
199.0
134.0
88.0
175.0
139.0
64.0
60.0
173.0
75.0
160.0
150.0
190.0
89.0
74.0
109.0
69.0
110.0
160.0
73.0
75.0
169.0
154.0
160.0
150.0
151.0
59.0
40.0
50.0
75.0
54.0
139.0
45.0
159.0
260.0
29.0
121.0
83.0
24.0
42.0
189.0
148.0
50.0
94.0
20.0
85.0
80.0
245.0
65.0
82.0
84.0
74.0
165.0
44.0
44.0
60.0
55.0
155.0
167.0
65.0
85.0
154.0
205.0
74.0
70.0
38.0
95.0
150.0
70.0
54.0
109.0
60.0
47.0
140.0
75.0
102.0
164.0
239.0
45.0
70.0
100.0
145.0
140.0
118.0
85.0
169.0
64.0
58.0
79.0
85.0
185.0
160.0
155.0
95.0
78.0
65.0
89.0
179.0
45.0
255.0
59.0
80.0
65.0
79.0
165.0
180.0
228.0
104.0
80.0
54.0
145.0
90.0
65.0
99.0
74.0
185.0
69.0
265.0
169.0
55.0
194.0
55.0
60.0
148.0
62.0
170.0
95.0
70.0
180.0
42.0
100.0
54.0
165.0
69.0
35.0
60.0
28.0
160.0
83.0
15.0
180.0
140.0
170.0
54.0
7.0
240.0
30.0
80.0
31.0
289.0
194.0
73.0
164.0
75.0
195.0
68.0
155.0
84.0
80.0
148.0
63.0
120.0
70.0
77.0
69.0
270.0
69.0
65.0
155.0
165.0
260.0
52.0
183.0
189.0
57.0
38.0
67.0
93.0
95.0
92.0
64.0
94.0
175.0
259.0
190.0
154.0
34.0
94.0
79.0
60.0
58.0
27.0
168.0
145.0
169.0
152.0
130.0
50.0
220.0
149.0
140.0
109.0
135.0
50.0
63.0
159.0
85.0
175.0
75.0
99.0
145.0
59.0
74.0
159.0
72.0
139.0
265.0
70.0
80.0
80.0
200.0
43.0
175.0
165.0
169.0
65.0
195.0
100.0
155.0
69.0
85.0
230.0
255.0
265.0
215.0
99.0
99.0
195.0
158.0
79.0
125.0
79.0
150.0
175.0
240.0
127.0
198.0
155.0
259.0
54.0
145.0
60.0
55.0
28.0
244.0
190.0
54.0
147.0
109.0
165.0
187.0
49.0
260.0
94.0
84.0
280.0
149.0
74.0
54.0
130.0
29.0
80.0
160.0
68.0
85.0
83.0
110.0
63.0
130.0
73.0
90.0
61.0
160.0
200.0
57.0
75.0
49.0
74.0
175.0
69.0
47.0
114.0
85.0
189.0
150.0
105.0
65.0
134.0
70.0
90.0
64.0
185.0
57.0
150.0
43.0
75.0
110.0
54.0
74.0
29.0
50.0
165.0
40.0
190.0
70.0
30.0
175.0
181.0
65.0
139.0
53.0
264.0
133.0
105.0
22.0
102.0
89.0
174.0
25.0
139.0
140.0
45.0
275.0
65.0
155.0
260.0
180.0
65.0
169.0
