-162.0
-195.0
-247.0
-288.0
-47.0
-200.0
-101.0
-251.0
-183.0
-176.0
-126.0
-166.0
-237.0
-170.0
-95.0
-438.0
-272.0
-62.0
-221.0
-218.0
-215.0
-166.0
-119.0
-122.0
-190.0
-111.0
-95.0
-113.0
-21.0
-31.0
-101.0
-144.0
-137.0
-32.0
-157.0
-178.0
-201.0
-142.0
-127.0
-110.0
-91.0
-207.0
-273.0
-136.0
-142.0
-138.0
-151.0
-121.0
-7.0
-314.0
-227.0
-111.0
-134.0
-151.0
-125.0
34.0
64.0
-77.0
-116.0
-5.0
-51.0
-98.0
-136.0
-76.0
-137.0
-110.0
-126.0
58.0
-89.0
-184.0
43.0
-77.0
-151.0
-91.0
-108.0
-191.0
-102.0
-78.0
-163.0
79.0
-236.0
-28.0
-60.0
-221.0
-8.0
-251.0
-170.0
-83.0
-302.0
-9.0
-56.0
200.0
144.0
93.0
144.0
-116.0
-5.0
4.0
80.0
-73.0
-31.0
-14.0
-182.0
-21.0
60.0
39.0
39.0
5.0
-84.0
-32.0
-15.0
4.0
32.0
-176.0
-17.0
144.0
88.0
88.0
78.0
-47.0
-67.0
-106.0
-43.0
26.0
-138.0
-32.0
-17.0
43.0
193.0
-51.0
54.0
-22.0
295.0
-87.0
34.0
-113.0
188.0
-256.0
-41.0
229.0
144.0
146.0
-65.0
89.0
-92.0
-56.0
42.0
-1.0
85.0
20.0
72.0
153.0
163.0
-70.0
-46.0
38.0
-53.0
-9.0
-30.0
-25.0
31.0
135.0
-89.0
178.0
118.0
-95.0
109.0
13.0
77.0
187.0
-3.0
45.0
90.0
66.0
75.0
118.0
133.0
-3.0
-43.0
-18.0
41.0
79.0
94.0
6.0
-56.0
67.0
75.0
225.0
194.0
98.0
298.0
159.0
190.0
164.0
11.0
7.0
42.0
37.0
29.0
170.0
121.0
227.0
85.0
111.0
224.0
47.0
127.0
554.0
303.0
143.0
-6.0
78.0
40.0
157.0
190.0
50.0
183.0
168.0
325.0
169.0
77.0
-21.0
322.0
310.0
145.0
67.0
22.0
63.0
139.0
49.0
23.0
54.0
50.0
109.0
45.0
108.0
262.0
40.0
59.0
126.0
23.0
40.0
19.0
77.0
83.0
115.0
63.0
102.0
67.0
178.0
274.0
-34.0
169.0
302.0
-17.0
98.0
169.0
94.0
162.0
29.0
39.0
52.0
115.0
236.0
230.0
94.0
337.0
367.0
25.0
141.0
39.0
143.0
196.0
276.0
180.0
284.0
195.0
90.0
90.0
175.0
1.0
123.0
197.0
103.0
219.0
82.0
255.0
35.0
90.0
100.0
82.0
210.0
199.0
24.0
149.0
14.0
50.0
69.0
164.0
283.0
325.0
93.0
263.0
60.0
1.0
180.0
107.0
168.0
27.0
109.0
70.0
117.0
3.0
204.0
125.0
88.0
175.0
213.0
153.0
193.0
235.0
158.0
255.0
327.0
160.0
122.0
288.0
15.0
173.0
162.0
75.0
189.0
105.0
186.0
18.0
170.0
173.0
69.0
109.0
201.0
23.0
29.0
71.0
75.0
136.0
186.0
94.0
-12.0
100.0
98.0
149.0
102.0
74.0
107.0
99.0
184.0
49.0
226.0
174.0
313.0
357.0
171.0
180.0
304.0
149.0
30.0
197.0
275.0
265.0
70.0
269.0
98.0
73.0
250.0
108.0
49.0
187.0
283.0
148.0
254.0
268.0
38.0
164.0
77.0
188.0
99.0
183.0
97.0
54.0
129.0
158.0
83.0
4.0
287.0
42.0
34.0
234.0
68.0
192.0
285.0
289.0
95.0
284.0
84.0
188.0
218.0
214.0
37.0
32.0
-12.0
-195.0
315.0
34.0
214.0
89.0
33.0
410.0
236.0
67.0
329.0
79.0
-2.0
290.0
269.0
169.0
54.0
7.0
262.0
168.0
69.0
27.0
190.0
190.0
134.0
49.0
104.0
109.0
374.0
178.0
73.0
194.0
236.0
229.0
285.0
314.0
324.0
149.0
85.0
184.0
44.0
260.0
229.0
383.0
205.0
164.0
136.0
380.0
87.0
294.0
97.0
126.0
275.0
289.0
47.0
54.0
128.0
164.0
58.0
110.0
74.0
285.0
70.0
404.0
93.0
180.0
190.0
48.0
283.0
94.0
270.0
-9.0
190.0
445.0
155.0
78.0
104.0
73.0
409.0
85.0
193.0
309.0
-2.0
140.0
35.0
145.0
104.0
188.0
129.0
48.0
124.0
96.0
147.0
288.0
284.0
24.0
309.0
274.0
115.0
55.0
180.0
130.0
169.0
89.0
17.0
170.0
59.0
183.0
184.0
195.0
304.0
265.0
270.0
183.0
148.0
394.0
55.0
55.0
77.0
188.0
155.0
165.0
232.0
260.0
65.0
124.0
218.0
29.0
144.0
288.0
74.0
95.0
88.0
185.0
104.0
65.0
150.0
129.0
200.0
165.0
175.0
273.0
29.0
-1.0
395.0
409.0
61.0
159.0
75.0
114.0
356.0
44.0
75.0
85.0
325.0
136.0
435.0
99.0
58.0
105.0
294.0
344.0
37.0
85.0
194.0
370.0
100.0
80.0
180.0
84.0
37.0
63.0
280.0
108.0
65.0
86.0
105.0
50.0
209.0
179.0
104.0
60.0
185.0
184.0
338.0
154.0
268.0
76.0
290.0
264.0
154.0
95.0
263.0
215.0
220.0
70.0
205.0
203.0
179.0
265.0
88.0
139.0
100.0
285.0
270.0
177.0
194.0
95.0
214.0
210.0
223.0
110.0
74.0
80.0
169.0
215.0
88.0
114.0
275.0
180.0
65.0
164.0
89.0
67.0
50.0
59.0
410.0
174.0
359.0
79.0
35.0
285.0
84.0
348.0
275.0
115.0
295.0
99.0
190.0
315.0
169.0
174.0
60.0
78.0
50.0
74.0
50.0
120.0
98.0
79.0
41.0
179.0
175.0
200.0
69.0
309.0
104.0
250.0
154.0
128.0
45.0
195.0
27.0
144.0
182.0
70.0
49.0
184.0
225.0
175.0
290.0
79.0
269.0
169.0
294.0
70.0
151.0
89.0
77.0
180.0
284.0
207.0
64.0
175.0
259.0
380.0
85.0
120.0
149.0
283.0
85.0
33.0
164.0
95.0
125.0
195.0
48.0
207.0
100.0
124.0
215.0
199.0
219.0
85.0
40.0
98.0
259.0
89.0
185.0
70.0
395.0
229.0
105.0
155.0
195.0
218.0
53.0
220.0
198.0
130.0
214.0
70.0
185.0
64.0
51.0
79.0
47.0
48.0
34.0
78.0
44.0
184.0
160.0
180.0
160.0
218.0
189.0
55.0
145.0
95.0
160.0
95.0
92.0
74.0
53.0
300.0
60.0
165.0
109.0
177.0
155.0
85.0
174.0
84.0
48.0
174.0
80.0
259.0
205.0
113.0
173.0
83.0
68.0
37.0
159.0
195.0
50.0
261.0
120.0
53.0
48.0
140.0
129.0
25.0
130.0
50.0
180.0
75.0
100.0
165.0
163.0
55.0
72.0
99.0
105.0
100.0
75.0
120.0
70.0
50.0
180.0
44.0
179.0
55.0
65.0
85.0
105.0
95.0
100.0
130.0
160.0
95.0
60.0
85.0
40.0
58.0
74.0
98.0
74.0
48.0
170.0
30.0
75.0
295.0
55.0
58.0
73.0
59.0
198.0
78.0
64.0
65.0
150.0
59.0
145.0
38.0
124.0
45.0
187.0
185.0
135.0
60.0
47.0
55.0
50.0
168.0
107.0
50.0
40.0
99.0
125.0
168.0
174.0
40.0
260.0
135.0
160.0
75.0
73.0
105.0
60.0
40.0
204.0
50.0
48.0
200.0
202.0
149.0
360.0
96.0
60.0
38.0
159.0
74.0
47.0
293.0
40.0
155.0
255.0
73.0
109.0
165.0
45.0
130.0
165.0
120.0
30.0
55.0
80.0
179.0
90.0
139.0
178.0
197.0
99.0
148.0
145.0
224.0
104.0
75.0
49.0
194.0
105.0
155.0
165.0
285.0
70.0
300.0
89.0
100.0
85.0
53.0
70.0
180.0
149.0
54.0
147.0
155.0
29.0
163.0
189.0
174.0
135.0
85.0
75.0
50.0
79.0
165.0
160.0
254.0
270.0
80.0
125.0
283.0
69.0
144.0
50.0
45.0
90.0
45.0
70.0
150.0
23.0
70.0
60.0
274.0
73.0
160.0
64.0
68.0
79.0
225.0
59.0
84.0
65.0
49.0
89.0
29.0
120.0
145.0
133.0
95.0
48.0
165.0
164.0
115.0
135.0
62.0
49.0
135.0
269.0
85.0
185.0
55.0
58.0
85.0
43.0
69.0
184.0
68.0
60.0
69.0
110.0
155.0
-19.0
63.0
283.0
62.0
149.0
49.0
100.0
120.0
87.0
179.0
114.0
179.0
84.0
55.0
65.0
85.0
80.0
97.0
105.0
89.0
59.0
174.0
49.0
85.0
120.0
95.0
79.0
45.0
173.0
105.0
161.0
165.0
84.0
383.0
179.0
90.0
65.0
75.0
75.0
65.0
79.0
169.0
100.0
74.0
189.0
160.0
105.0
84.0
48.0
279.0
75.0
59.0
175.0
189.0
60.0
69.0
46.0
105.0
104.0
200.0
90.0
140.0
73.0
194.0
94.0
115.0
85.0
74.0
200.0
60.0
152.0
160.0
175.0
90.0
195.0
50.0
60.0
210.0
50.0
74.0
183.0
90.0
60.0
71.0
185.0
100.0
82.0
80.0
50.0
75.0
89.0
104.0
53.0
80.0
80.0
90.0
59.0
119.0
174.0
165.0
94.0
41.0
142.0
95.0
170.0
170.0
70.0
85.0
90.0
60.0
65.0
175.0
35.0
66.0
153.0
75.0
90.0
85.0
183.0
64.0
60.0
40.0
194.0
75.0
130.0
64.0
100.0
149.0
169.0
119.0
185.0
160.0
184.0
100.0
69.0
143.0
104.0
60.0
80.0
85.0
75.0
89.0
214.0
169.0
70.0
95.0
151.0
70.0
90.0
165.0
28.0
160.0
60.0
80.0
79.0
130.0
190.0
159.0
55.0
69.0
60.0
88.0
155.0
85.0
78.0
80.0
185.0
175.0
240.0
90.0
54.0
180.0
60.0
65.0
79.0
180.0
84.0
50.0
64.0
105.0
90.0
198.0
160.0
60.0
55.0
155.0
103.0
155.0
178.0
140.0
70.0
108.0
95.0
260.0
150.0
80.0
163.0
35.0
164.0
44.0
80.0
130.0
69.0
185.0
160.0
68.0
160.0
175.0
19.0
80.0
80.0
135.0
45.0
115.0
75.0
65.0
68.0
45.0
55.0
114.0
40.0
140.0
14.0
159.0
171.0
100.0
125.0
195.0
78.0
82.0
170.0
43.0
109.0
99.0
150.0
145.0
89.0
55.0
219.0
75.0
123.0
160.0
95.0
35.0
71.0
28.0
250.0
134.0
65.0
49.0
77.0
100.0
19.0
34.0
29.0
160.0
44.0
55.0
75.0
143.0
262.0
27.0
265.0
205.0
85.0
38.0
180.0
153.0
182.0
123.0
45.0
50.0
69.0
39.0
65.0
80.0
69.0
55.0
155.0
160.0
200.0
183.0
54.0
89.0
170.0
105.0
57.0
59.0
64.0
138.0
27.0
172.0
48.0
34.0
170.0
65.0
78.0
39.0
82.0
43.0
280.0
80.0
84.0
85.0
55.0
260.0
240.0
154.0
155.0
85.0
105.0
230.0
75.0
45.0
100.0
135.0
80.0
75.0
54.0
35.0
65.0
90.0
140.0
64.0
85.0
263.0
100.0
100.0
190.0
60.0
34.0
48.0
58.0
175.0
190.0
265.0
115.0
215.0
180.0
90.0
58.0
60.0
59.0
69.0
165.0
105.0
66.0
40.0
84.0
174.0
47.0
60.0
150.0
54.0
35.0
162.0
165.0
49.0
85.0
170.0
44.0
63.0
104.0
70.0
90.0
133.0
149.0
50.0
90.0
195.0
94.0
73.0
164.0
148.0
54.0
180.0
100.0
158.0
54.0
40.0
150.0
75.0
80.0
74.0
48.0
175.0
80.0
90.0
60.0
99.0
74.0
190.0
120.0
95.0
43.0
23.0
55.0
64.0
110.0
55.0
55.0
59.0
50.0
79.0
109.0
159.0
85.0
70.0
185.0
265.0
35.0
99.0
60.0
70.0
89.0
75.0
30.0
175.0
189.0
175.0
34.0
45.0
79.0
50.0
95.0
68.0
165.0
100.0
79.0
144.0
110.0
273.0
194.0
319.0
52.0
169.0
155.0
69.0
59.0
89.0
158.0
140.0
45.0
35.0
140.0
110.0
44.0
85.0
144.0
75.0
280.0
155.0
85.0
80.0
57.0
103.0
139.0
55.0
70.0
93.0
45.0
60.0
140.0
144.0
200.0
55.0
149.0
150.0
204.0
80.0
60.0
260.0
124.0
128.0
85.0
185.0
60.0
95.0
60.0
254.0
134.0
69.0
100.0
84.0
170.0
175.0
69.0
40.0
135.0
240.0
174.0
85.0
38.0
195.0
90.0
170.0
150.0
85.0
185.0
29.0
45.0
74.0
25.0
65.0
85.0
150.0
230.0
95.0
28.0
79.0
100.0
163.0
110.0
