-325.0
-402.0
-335.0
-27.0
-258.0
-21.0
-348.0
-279.0
-352.0
-118.0
-54.0
-411.0
-136.0
-670.0
-170.0
-457.0
-119.0
-296.0
-300.0
-284.0
-17.0
-521.0
-313.0
-445.0
-376.0
-332.0
-150.0
-501.0
-221.0
-23.0
-33.0
-236.0
-205.0
-182.0
-202.0
-486.0
-502.0
-488.0
-132.0
-636.0
-307.0
-77.0
-176.0
-152.0
-77.0
-117.0
-380.0
-365.0
-26.0
-182.0
-139.0
-301.0
-377.0
-554.0
-128.0
-253.0
-327.0
-383.0
10.0
-136.0
-59.0
-87.0
-96.0
-182.0
-321.0
-84.0
-33.0
-124.0
-5.0
-91.0
-492.0
15.0
-342.0
-243.0
-185.0
-77.0
-260.0
-25.0
-79.0
-15.0
-36.0
77.0
-37.0
-118.0
2.0
198.0
-300.0
93.0
-2.0
33.0
116.0
-87.0
-169.0
-83.0
-121.0
-318.0
-56.0
-151.0
-190.0
14.0
-7.0
-60.0
-184.0
24.0
-43.0
56.0
8.0
-26.0
12.0
-7.0
69.0
-92.0
-13.0
48.0
170.0
74.0
-266.0
106.0
-262.0
-4.0
-54.0
-47.0
7.0
39.0
-60.0
175.0
118.0
49.0
-34.0
107.0
35.0
-109.0
80.0
40.0
200.0
60.0
206.0
92.0
6.0
-53.0
-79.0
10.0
-218.0
200.0
164.0
-66.0
48.0
-70.0
27.0
-101.0
114.0
113.0
143.0
-11.0
143.0
-60.0
88.0
59.0
100.0
24.0
-3.0
111.0
49.0
77.0
254.0
203.0
14.0
152.0
-11.0
47.0
71.0
-152.0
216.0
-63.0
51.0
22.0
75.0
223.0
169.0
-77.0
196.0
-2.0
145.0
183.0
-202.0
31.0
100.0
25.0
197.0
83.0
38.0
70.0
165.0
88.0
70.0
111.0
164.0
250.0
-46.0
103.0
27.0
169.0
208.0
195.0
-7.0
-34.0
159.0
61.0
95.0
203.0
37.0
68.0
35.0
176.0
44.0
28.0
50.0
484.0
266.0
77.0
223.0
62.0
52.0
25.0
190.0
64.0
174.0
133.0
136.0
12.0
85.0
290.0
-9.0
209.0
110.0
78.0
19.0
45.0
161.0
75.0
145.0
83.0
19.0
33.0
56.0
179.0
-47.0
217.0
137.0
6.0
97.0
130.0
130.0
178.0
123.0
365.0
237.0
111.0
58.0
40.0
73.0
111.0
195.0
159.0
-85.0
-13.0
219.0
55.0
35.0
75.0
312.0
324.0
131.0
203.0
304.0
254.0
176.0
7.0
58.0
277.0
168.0
-125.0
161.0
375.0
51.0
158.0
98.0
99.0
300.0
67.0
182.0
43.0
7.0
28.0
152.0
108.0
329.0
133.0
174.0
110.0
145.0
46.0
104.0
144.0
121.0
85.0
187.0
176.0
64.0
289.0
284.0
273.0
127.0
42.0
167.0
57.0
267.0
209.0
-30.0
109.0
167.0
279.0
78.0
129.0
205.0
333.0
112.0
228.0
145.0
243.0
165.0
189.0
247.0
63.0
124.0
203.0
-11.0
275.0
129.0
267.0
129.0
85.0
376.0
137.0
82.0
139.0
217.0
63.0
184.0
283.0
289.0
67.0
59.0
70.0
188.0
294.0
425.0
140.0
175.0
92.0
307.0
171.0
193.0
173.0
138.0
18.0
40.0
288.0
186.0
197.0
230.0
89.0
57.0
89.0
374.0
82.0
81.0
207.0
144.0
374.0
295.0
174.0
92.0
265.0
59.0
179.0
59.0
51.0
99.0
273.0
283.0
23.0
255.0
52.0
183.0
182.0
44.0
217.0
385.0
324.0
61.0
169.0
7.0
42.0
239.0
264.0
10.0
120.0
29.0
140.0
29.0
70.0
156.0
220.0
163.0
82.0
18.0
340.0
241.0
113.0
-130.0
15.0
-5.0
259.0
129.0
90.0
118.0
123.0
39.0
299.0
139.0
124.0
155.0
184.0
154.0
320.0
378.0
303.0
245.0
-31.0
189.0
156.0
275.0
291.0
-1.0
108.0
199.0
64.0
54.0
43.0
232.0
50.0
130.0
320.0
37.0
213.0
-10.0
188.0
213.0
135.0
197.0
87.0
174.0
157.0
334.0
276.0
75.0
69.0
124.0
194.0
159.0
110.0
40.0
94.0
197.0
94.0
209.0
73.0
74.0
48.0
74.0
123.0
203.0
89.0
164.0
70.0
328.0
84.0
105.0
134.0
228.0
290.0
519.0
283.0
81.0
149.0
132.0
195.0
123.0
324.0
159.0
64.0
-18.0
209.0
278.0
252.0
30.0
10.0
109.0
110.0
71.0
89.0
39.0
399.0
199.0
110.0
64.0
198.0
102.0
173.0
185.0
254.0
309.0
303.0
209.0
100.0
419.0
94.0
32.0
208.0
99.0
169.0
110.0
15.0
14.0
61.0
-23.0
29.0
184.0
95.0
200.0
148.0
115.0
254.0
154.0
47.0
194.0
190.0
190.0
187.0
62.0
151.0
95.0
215.0
394.0
83.0
284.0
65.0
205.0
59.0
90.0
54.0
74.0
90.0
179.0
66.0
89.0
95.0
149.0
225.0
290.0
184.0
55.0
145.0
158.0
152.0
107.0
169.0
180.0
40.0
152.0
54.0
142.0
145.0
34.0
87.0
204.0
220.0
160.0
201.0
150.0
69.0
202.0
180.0
65.0
99.0
257.0
79.0
266.0
151.0
84.0
252.0
99.0
158.0
163.0
199.0
85.0
144.0
105.0
374.0
92.0
249.0
23.0
25.0
103.0
95.0
70.0
200.0
195.0
65.0
243.0
172.0
57.0
180.0
165.0
179.0
191.0
73.0
85.0
72.0
252.0
294.0
89.0
48.0
204.0
273.0
83.0
204.0
70.0
214.0
145.0
80.0
94.0
182.0
58.0
210.0
99.0
293.0
204.0
147.0
85.0
84.0
150.0
57.0
160.0
65.0
84.0
205.0
268.0
71.0
80.0
33.0
165.0
128.0
95.0
99.0
273.0
79.0
203.0
316.0
142.0
318.0
249.0
383.0
48.0
92.0
95.0
189.0
272.0
148.0
239.0
108.0
183.0
100.0
94.0
169.0
165.0
244.0
-16.0
390.0
293.0
205.0
250.0
64.0
192.0
49.0
184.0
295.0
65.0
63.0
154.0
74.0
135.0
295.0
371.0
148.0
60.0
330.0
93.0
118.0
264.0
93.0
200.0
160.0
169.0
203.0
93.0
150.0
60.0
110.0
164.0
138.0
165.0
59.0
190.0
190.0
110.0
50.0
174.0
90.0
105.0
129.0
170.0
165.0
46.0
137.0
76.0
165.0
179.0
115.0
170.0
160.0
190.0
99.0
89.0
195.0
142.0
95.0
184.0
190.0
309.0
60.0
203.0
60.0
171.0
58.0
185.0
159.0
155.0
118.0
75.0
279.0
375.0
189.0
165.0
154.0
95.0
119.0
30.0
165.0
249.0
85.0
64.0
100.0
19.0
210.0
93.0
88.0
152.0
76.0
395.0
72.0
150.0
44.0
167.0
65.0
183.0
64.0
75.0
79.0
109.0
85.0
164.0
150.0
76.0
64.0
183.0
165.0
160.0
145.0
30.0
40.0
73.0
75.0
80.0
160.0
74.0
50.0
125.0
100.0
84.0
70.0
92.0
63.0
171.0
55.0
48.0
169.0
70.0
96.0
59.0
123.0
194.0
80.0
53.0
57.0
58.0
120.0
115.0
163.0
204.0
70.0
80.0
58.0
163.0
183.0
195.0
75.0
198.0
164.0
75.0
245.0
203.0
40.0
195.0
30.0
78.0
73.0
85.0
59.0
108.0
45.0
259.0
20.0
128.0
74.0
145.0
265.0
269.0
65.0
60.0
55.0
223.0
164.0
26.0
78.0
160.0
60.0
65.0
171.0
100.0
52.0
60.0
30.0
164.0
73.0
65.0
60.0
79.0
73.0
32.0
184.0
60.0
165.0
260.0
148.0
283.0
184.0
88.0
185.0
78.0
55.0
39.0
160.0
178.0
55.0
145.0
55.0
70.0
80.0
75.0
155.0
140.0
275.0
84.0
37.0
49.0
148.0
59.0
65.0
50.0
50.0
100.0
84.0
50.0
35.0
140.0
87.0
68.0
83.0
50.0
45.0
82.0
155.0
55.0
85.0
165.0
48.0
33.0
145.0
59.0
114.0
110.0
94.0
80.0
120.0
50.0
225.0
80.0
250.0
54.0
68.0
175.0
68.0
149.0
93.0
60.0
65.0
145.0
182.0
44.0
195.0
60.0
230.0
155.0
100.0
158.0
152.0
57.0
69.0
89.0
50.0
90.0
85.0
119.0
70.0
60.0
64.0
130.0
30.0
30.0
178.0
85.0
61.0
165.0
55.0
140.0
165.0
50.0
33.0
259.0
78.0
163.0
63.0
254.0
154.0
74.0
43.0
118.0
90.0
69.0
54.0
330.0
190.0
149.0
54.0
134.0
80.0
180.0
80.0
80.0
144.0
155.0
50.0
125.0
58.0
145.0
93.0
89.0
38.0
125.0
165.0
80.0
50.0
204.0
175.0
70.0
165.0
43.0
95.0
28.0
65.0
55.0
109.0
85.0
104.0
105.0
189.0
80.0
170.0
88.0
80.0
59.0
163.0
75.0
165.0
44.0
170.0
125.0
184.0
119.0
160.0
40.0
24.0
152.0
84.0
179.0
58.0
72.0
65.0
64.0
159.0
48.0
70.0
-3.0
65.0
168.0
69.0
125.0
59.0
223.0
45.0
45.0
110.0
158.0
159.0
104.0
85.0
63.0
50.0
183.0
74.0
49.0
154.0
87.0
150.0
84.0
24.0
128.0
54.0
195.0
80.0
114.0
80.0
152.0
45.0
130.0
104.0
138.0
270.0
95.0
165.0
60.0
40.0
95.0
198.0
55.0
99.0
45.0
145.0
210.0
73.0
145.0
144.0
79.0
120.0
153.0
90.0
165.0
72.0
65.0
59.0
170.0
109.0
78.0
-37.0
50.0
64.0
270.0
84.0
85.0
38.0
64.0
47.0
170.0
100.0
41.0
150.0
190.0
94.0
34.0
39.0
250.0
95.0
55.0
149.0
59.0
280.0
70.0
150.0
145.0
85.0
150.0
40.0
170.0
164.0
60.0
75.0
100.0
79.0
95.0
65.0
47.0
94.0
95.0
99.0
199.0
213.0
74.0
74.0
73.0
258.0
53.0
24.0
145.0
65.0
53.0
140.0
58.0
239.0
70.0
240.0
85.0
151.0
168.0
84.0
135.0
280.0
30.0
160.0
34.0
224.0
42.0
115.0
50.0
48.0
170.0
95.0
79.0
85.0
78.0
168.0
144.0
159.0
93.0
28.0
45.0
253.0
55.0
67.0
29.0
223.0
39.0
149.0
94.0
55.0
185.0
178.0
60.0
98.0
50.0
149.0
78.0
50.0
160.0
284.0
45.0
272.0
52.0
88.0
199.0
45.0
124.0
300.0
170.0
144.0
90.0
71.0
159.0
40.0
85.0
85.0
82.0
140.0
80.0
107.0
122.0
134.0
75.0
140.0
178.0
120.0
55.0
94.0
75.0
84.0
80.0
153.0
65.0
25.0
149.0
152.0
270.0
68.0
55.0
161.0
210.0
149.0
180.0
39.0
44.0
58.0
59.0
79.0
73.0
34.0
43.0
93.0
160.0
180.0
180.0
80.0
200.0
94.0
95.0
266.0
73.0
65.0
170.0
38.0
74.0
280.0
197.0
78.0
177.0
161.0
187.0
100.0
70.0
90.0
97.0
54.0
104.0
145.0
185.0
148.0
70.0
45.0
144.0
164.0
60.0
34.0
157.0
57.0
95.0
54.0
26.0
60.0
54.0
68.0
46.0
124.0
89.0
64.0
35.0
138.0
179.0
178.0
153.0
65.0
79.0
36.0
79.0
25.0
55.0
63.0
115.0
154.0
160.0
84.0
73.0
45.0
170.0
60.0
40.0
35.0
110.0
80.0
65.0
74.0
75.0
150.0
199.0
194.0
50.0
65.0
47.0
170.0
210.0
209.0
73.0
269.0
110.0
92.0
163.0
275.0
135.0
110.0
170.0
28.0
99.0
294.0
59.0
55.0
115.0
60.0
81.0
70.0
53.0
80.0
80.0
264.0
164.0
72.0
159.0
175.0
64.0
215.0
47.0
110.0
150.0
130.0
60.0
165.0
70.0
139.0
171.0
110.0
84.0
175.0
65.0
78.0
55.0
175.0
160.0
52.0
90.0
54.0
75.0
159.0
110.0
200.0
80.0
69.0
164.0
69.0
205.0
254.0
165.0
90.0
135.0
73.0
160.0
160.0
95.0
75.0
70.0
159.0
83.0
123.0
145.0
94.0
43.0
4.0
91.0
63.0
79.0
90.0
60.0
125.0
95.0
150.0
55.0
44.0
183.0
123.0
37.0
99.0
169.0
55.0
135.0
45.0
150.0
59.0
138.0
21.0
85.0
99.0
294.0
42.0
65.0
138.0
169.0
145.0
182.0
90.0
169.0
80.0
51.0
69.0
45.0
49.0
89.0
83.0
50.0
334.0
180.0
54.0
165.0
148.0
34.0
135.0
249.0
74.0
235.0
155.0
85.0
191.0
53.0
60.0
152.0
169.0
70.0
155.0
83.0
74.0
59.0
255.0
64.0
170.0
85.0
46.0
48.0
6.0
75.0
50.0
60.0
155.0
80.0
140.0
145.0
80.0
169.0
85.0
78.0
74.0
69.0
79.0
103.0
164.0
159.0
63.0
230.0
100.0
180.0
95.0
128.0
23.0
231.0
155.0
123.0
160.0
73.0
49.0
100.0
54.0
65.0
68.0
160.0
63.0
64.0
99.0
50.0
47.0
90.0
85.0
90.0
143.0
