-231.0
-413.0
-551.0
-198.0
-134.0
-263.0
-205.0
-275.0
-277.0
-91.0
-539.0
-158.0
-100.0
-347.0
-402.0
-582.0
-542.0
-163.0
-256.0
-195.0
-465.0
-207.0
-201.0
-297.0
-336.0
-385.0
-160.0
-283.0
-44.0
-268.0
-219.0
-295.0
-588.0
-263.0
-178.0
-196.0
-201.0
-401.0
-241.0
-209.0
-588.0
-238.0
-209.0
-352.0
-305.0
-58.0
-173.0
-351.0
-308.0
-297.0
-322.0
-362.0
-102.0
-228.0
-232.0
-122.0
-238.0
-308.0
-200.0
-304.0
-454.0
-201.0
-278.0
-118.0
-196.0
-57.0
-355.0
-542.0
-233.0
-56.0
-129.0
-570.0
-341.0
-384.0
-367.0
-171.0
-219.0
-447.0
-336.0
-282.0
-124.0
-125.0
-431.0
-163.0
-165.0
-327.0
-224.0
-192.0
-439.0
-185.0
-584.0
-333.0
-185.0
-194.0
-499.0
-250.0
-51.0
-285.0
-253.0
-176.0
-198.0
-167.0
-88.0
-673.0
-480.0
-190.0
-137.0
-92.0
-176.0
-171.0
-103.0
-247.0
-293.0
-243.0
-112.0
-383.0
-233.0
-402.0
-219.0
-165.0
-197.0
-441.0
-127.0
-187.0
-189.0
-308.0
-241.0
-139.0
-341.0
-422.0
-304.0
-447.0
-401.0
-413.0
-228.0
-161.0
-303.0
-105.0
-235.0
-227.0
-127.0
-178.0
-271.0
-272.0
-260.0
-386.0
-272.0
-291.0
-196.0
-233.0
-337.0
-200.0
-339.0
-244.0
-503.0
-220.0
-212.0
-210.0
-337.0
-591.0
-110.0
-243.0
-207.0
-22.0
-298.0
-152.0
16.0
-291.0
-248.0
-522.0
-119.0
-338.0
-298.0
-196.0
-165.0
-78.0
-367.0
-383.0
-62.0
-419.0
-291.0
-25.0
-362.0
-238.0
-501.0
-215.0
-51.0
-619.0
-323.0
-75.0
-286.0
-53.0
-163.0
-214.0
-229.0
-274.0
-392.0
-202.0
-98.0
-306.0
-225.0
-258.0
-316.0
-226.0
-283.0
-267.0
-289.0
-146.0
-306.0
-208.0
-132.0
-194.0
-228.0
-412.0
6.0
-436.0
-195.0
-565.0
-217.0
-267.0
-272.0
-400.0
-175.0
-391.0
-42.0
-70.0
-148.0
-211.0
-215.0
-323.0
-309.0
-421.0
-276.0
-138.0
-197.0
-161.0
-170.0
-226.0
-511.0
-183.0
-32.0
-148.0
-378.0
-489.0
-173.0
-282.0
-134.0
-417.0
-294.0
-288.0
-220.0
-207.0
-202.0
-168.0
-408.0
-336.0
-410.0
-253.0
-216.0
-423.0
-208.0
-219.0
-212.0
-196.0
-49.0
-328.0
-329.0
-307.0
-361.0
-246.0
-232.0
-242.0
-284.0
-269.0
-254.0
-209.0
-182.0
-368.0
-544.0
-456.0
-341.0
-337.0
-256.0
-360.0
-384.0
-428.0
-322.0
-204.0
-226.0
-242.0
-149.0
-187.0
-92.0
-208.0
-280.0
-469.0
-532.0
-148.0
-237.0
-422.0
-226.0
-281.0
4.0
-574.0
-283.0
-352.0
-245.0
-34.0
-241.0
-493.0
-133.0
-102.0
-351.0
-405.0
-333.0
-296.0
-231.0
-191.0
-655.0
-576.0
-167.0
-45.0
-441.0
-169.0
-104.0
-165.0
-88.0
-98.0
-74.0
-186.0
-344.0
-436.0
-380.0
-150.0
-249.0
-202.0
-196.0
-152.0
-216.0
10.0
-70.0
-306.0
-73.0
-266.0
-309.0
-210.0
-347.0
-95.0
103.0
-33.0
-87.0
-116.0
-245.0
-143.0
-122.0
-155.0
-412.0
-266.0
-163.0
-106.0
-36.0
-382.0
-280.0
-62.0
115.0
-80.0
-393.0
-287.0
-395.0
-42.0
-322.0
-118.0
-344.0
-46.0
-83.0
-113.0
-99.0
-297.0
-196.0
-11.0
-228.0
-546.0
-476.0
-299.0
-156.0
-197.0
-33.0
-216.0
-287.0
-150.0
-194.0
-100.0
-100.0
-236.0
-192.0
-108.0
-285.0
-23.0
-260.0
-76.0
-393.0
-148.0
-128.0
-526.0
-339.0
-259.0
-33.0
-143.0
-250.0
-101.0
-70.0
-447.0
-375.0
-70.0
-93.0
-25.0
-343.0
-170.0
44.0
-180.0
-298.0
-445.0
-108.0
-101.0
-9.0
-150.0
-177.0
-107.0
-194.0
-47.0
-335.0
-118.0
-321.0
-197.0
-97.0
42.0
-225.0
-265.0
-183.0
-174.0
-84.0
-78.0
-99.0
-55.0
-127.0
-410.0
-383.0
-46.0
-292.0
-8.0
-178.0
-202.0
-65.0
-152.0
-259.0
-323.0
-56.0
-323.0
-147.0
-109.0
-8.0
20.0
-58.0
-432.0
-33.0
-66.0
-223.0
-63.0
95.0
-177.0
-12.0
-565.0
-102.0
-95.0
-144.0
-104.0
-295.0
-178.0
-220.0
-333.0
-310.0
-55.0
-386.0
-191.0
-277.0
-217.0
-399.0
-211.0
-177.0
-191.0
-220.0
-146.0
-210.0
-433.0
-122.0
-60.0
-167.0
-255.0
-380.0
-271.0
-77.0
-233.0
-228.0
-70.0
-86.0
-271.0
-287.0
-128.0
-324.0
-249.0
-169.0
-265.0
-374.0
-263.0
-202.0
-68.0
-221.0
-368.0
-221.0
-206.0
-258.0
-160.0
-293.0
-424.0
-123.0
-212.0
-172.0
-344.0
-184.0
-59.0
-207.0
-465.0
-537.0
-330.0
-285.0
-242.0
33.0
-214.0
-139.0
-105.0
-162.0
-152.0
-522.0
-366.0
-184.0
-338.0
-176.0
-42.0
-94.0
-334.0
-33.0
-314.0
-174.0
-310.0
-247.0
-426.0
-661.0
-103.0
-402.0
-51.0
-295.0
-441.0
-218.0
-260.0
-195.0
-32.0
-427.0
35.0
8.0
22.0
-143.0
-84.0
-142.0
-218.0
-153.0
-251.0
-234.0
-290.0
-136.0
-206.0
-160.0
-235.0
-217.0
-154.0
-160.0
-462.0
7.0
176.0
-172.0
-239.0
-152.0
-525.0
-107.0
43.0
-663.0
144.0
-94.0
-70.0
-108.0
-212.0
-279.0
-338.0
-169.0
-91.0
-173.0
100.0
-120.0
-222.0
-161.0
-25.0
-393.0
-29.0
11.0
61.0
22.0
-74.0
25.0
-288.0
85.0
68.0
15.0
-63.0
-355.0
-429.0
114.0
-114.0
-251.0
-278.0
-63.0
-2.0
-123.0
-284.0
-159.0
-271.0
-44.0
6.0
13.0
-126.0
-75.0
-32.0
28.0
-271.0
26.0
5.0
72.0
89.0
-53.0
-163.0
-78.0
-103.0
-246.0
-88.0
173.0
-65.0
66.0
81.0
-19.0
46.0
187.0
-512.0
-138.0
-73.0
-148.0
59.0
-119.0
-19.0
66.0
141.0
-156.0
-104.0
-14.0
-151.0
83.0
143.0
27.0
187.0
-156.0
-282.0
18.0
59.0
24.0
91.0
26.0
282.0
-133.0
-402.0
-278.0
-6.0
236.0
24.0
12.0
158.0
-65.0
-11.0
-38.0
192.0
-444.0
110.0
-150.0
-281.0
-396.0
-99.0
-86.0
38.0
-395.0
36.0
56.0
-196.0
8.0
-19.0
152.0
92.0
73.0
-223.0
10.0
58.0
39.0
81.0
128.0
122.0
45.0
84.0
169.0
167.0
165.0
153.0
47.0
78.0
170.0
219.0
-147.0
66.0
-184.0
220.0
100.0
183.0
98.0
299.0
39.0
84.0
109.0
103.0
189.0
190.0
74.0
26.0
51.0
209.0
49.0
-74.0
162.0
200.0
115.0
248.0
174.0
89.0
270.0
39.0
209.0
229.0
170.0
165.0
469.0
275.0
47.0
99.0
173.0
95.0
205.0
194.0
205.0
203.0
90.0
143.0
99.0
140.0
84.0
124.0
289.0
49.0
105.0
93.0
143.0
145.0
110.0
289.0
135.0
78.0
164.0
270.0
324.0
200.0
89.0
34.0
284.0
199.0
60.0
255.0
80.0
319.0
69.0
283.0
225.0
202.0
105.0
45.0
82.0
168.0
179.0
153.0
280.0
268.0
203.0
288.0
385.0
189.0
84.0
52.0
93.0
318.0
159.0
62.0
32.0
52.0
42.0
80.0
105.0
88.0
305.0
270.0
174.0
75.0
90.0
85.0
284.0
69.0
163.0
243.0
110.0
70.0
92.0
269.0
54.0
55.0
74.0
173.0
170.0
220.0
202.0
137.0
264.0
59.0
320.0
377.0
310.0
240.0
75.0
164.0
85.0
185.0
95.0
20.0
154.0
64.0
200.0
59.0
214.0
84.0
205.0
69.0
25.0
139.0
45.0
90.0
289.0
204.0
110.0
450.0
273.0
209.0
39.0
187.0
58.0
178.0
44.0
124.0
295.0
89.0
275.0
88.0
165.0
165.0
200.0
164.0
49.0
98.0
110.0
179.0
64.0
175.0
180.0
148.0
200.0
274.0
94.0
110.0
300.0
185.0
309.0
80.0
280.0
29.0
268.0
89.0
54.0
228.0
99.0
75.0
170.0
144.0
79.0
284.0
130.0
297.0
95.0
195.0
49.0
72.0
95.0
149.0
174.0
123.0
35.0
169.0
165.0
269.0
293.0
148.0
23.0
122.0
178.0
67.0
164.0
160.0
209.0
298.0
295.0
55.0
250.0
143.0
88.0
154.0
175.0
40.0
189.0
80.0
83.0
160.0
69.0
184.0
53.0
128.0
170.0
194.0
123.0
277.0
175.0
200.0
75.0
150.0
59.0
54.0
126.0
170.0
42.0
182.0
75.0
140.0
45.0
80.0
68.0
170.0
154.0
135.0
147.0
210.0
94.0
64.0
156.0
80.0
170.0
40.0
70.0
53.0
59.0
40.0
97.0
134.0
117.0
135.0
149.0
145.0
90.0
105.0
38.0
159.0
69.0
47.0
185.0
70.0
65.0
32.0
40.0
200.0
58.0
174.0
60.0
135.0
169.0
140.0
133.0
25.0
39.0
250.0
90.0
164.0
164.0
148.0
204.0
153.0
27.0
34.0
157.0
85.0
119.0
47.0
90.0
65.0
229.0
189.0
102.0
65.0
285.0
172.0
89.0
39.0
140.0
64.0
149.0
48.0
190.0
115.0
105.0
205.0
74.0
135.0
69.0
117.0
92.0
59.0
179.0
177.0
164.0
60.0
73.0
40.0
184.0
199.0
85.0
63.0
90.0
50.0
174.0
90.0
155.0
67.0
150.0
155.0
47.0
169.0
50.0
60.0
150.0
94.0
110.0
75.0
50.0
165.0
85.0
165.0
30.0
60.0
98.0
165.0
20.0
49.0
70.0
85.0
53.0
240.0
200.0
134.0
92.0
30.0
90.0
170.0
149.0
163.0
100.0
70.0
105.0
89.0
74.0
65.0
90.0
94.0
39.0
148.0
88.0
95.0
69.0
50.0
55.0
73.0
70.0
84.0
265.0
80.0
190.0
83.0
105.0
179.0
38.0
160.0
69.0
164.0
70.0
154.0
258.0
150.0
209.0
245.0
153.0
79.0
185.0
125.0
146.0
134.0
249.0
68.0
65.0
120.0
117.0
54.0
113.0
180.0
60.0
78.0
174.0
148.0
144.0
34.0
39.0
74.0
50.0
140.0
74.0
45.0
39.0
85.0
54.0
84.0
80.0
159.0
43.0
127.0
33.0
100.0
155.0
64.0
50.0
130.0
250.0
40.0
149.0
106.0
70.0
89.0
149.0
21.0
165.0
99.0
45.0
100.0
58.0
69.0
0.0
65.0
95.0
203.0
140.0
74.0
364.0
102.0
185.0
49.0
195.0
244.0
100.0
289.0
44.0
85.0
75.0
54.0
174.0
55.0
60.0
48.0
69.0
179.0
80.0
378.0
60.0
165.0
60.0
113.0
77.0
75.0
85.0
173.0
88.0
170.0
54.0
34.0
54.0
60.0
193.0
181.0
69.0
265.0
173.0
60.0
65.0
90.0
272.0
49.0
245.0
104.0
42.0
110.0
170.0
232.0
130.0
139.0
160.0
190.0
65.0
255.0
25.0
124.0
70.0
50.0
60.0
73.0
85.0
159.0
65.0
50.0
25.0
254.0
160.0
130.0
99.0
224.0
78.0
25.0
264.0
280.0
29.0
189.0
165.0
190.0
80.0
63.0
105.0
115.0
159.0
90.0
90.0
45.0
170.0
104.0
149.0
185.0
255.0
144.0
54.0
170.0
60.0
40.0
70.0
50.0
64.0
155.0
40.0
53.0
80.0
70.0
195.0
34.0
65.0
160.0
247.0
75.0
60.0
44.0
150.0
155.0
94.0
80.0
72.0
20.0
205.0
135.0
165.0
120.0
160.0
235.0
119.0
154.0
253.0
174.0
95.0
159.0
165.0
44.0
80.0
115.0
63.0
255.0
89.0
110.0
279.0
204.0
49.0
105.0
45.0
43.0
155.0
98.0
50.0
54.0
59.0
148.0
74.0
190.0
55.0
190.0
184.0
84.0
74.0
165.0
260.0
65.0
74.0
60.0
75.0
65.0
95.0
50.0
88.0
53.0
65.0
78.0
43.0
54.0
165.0
50.0
105.0
80.0
154.0
145.0
362.0
149.0
299.0
115.0
179.0
243.0
64.0
84.0
150.0
25.0
155.0
259.0
60.0
85.0
55.0
45.0
40.0
100.0
64.0
43.0
60.0
43.0
82.0
165.0
159.0
159.0
145.0
160.0
70.0
145.0
198.0
43.0
172.0
69.0
150.0
105.0
74.0
18.0
160.0
89.0
3.0
99.0
104.0
54.0
90.0
140.0
54.0
155.0
48.0
50.0
83.0
45.0
83.0
133.0
25.0
159.0
60.0
205.0
75.0
70.0
80.0
150.0
150.0
110.0
50.0
40.0
84.0
84.0
140.0
80.0
174.0
145.0
253.0
75.0
170.0
70.0
40.0
70.0
83.0
168.0
75.0
48.0
160.0
164.0
152.0
80.0
148.0
95.0
60.0
85.0
54.0
54.0
164.0
166.0
179.0
203.0
24.0
84.0
75.0
60.0
105.0
124.0
180.0
179.0
74.0
70.0
98.0
60.0
75.0
185.0
80.0
180.0
42.0
54.0
53.0
90.0
49.0
122.0
69.0
84.0
153.0
155.0
88.0
170.0
59.0
55.0
109.0
175.0
199.0
85.0
109.0
59.0
23.0
70.0
50.0
50.0
55.0
89.0
34.0
60.0
74.0
160.0
160.0
57.0
80.0
165.0
140.0
119.0
44.0
60.0
147.0
140.0
73.0
35.0
155.0
265.0
100.0
90.0
183.0
45.0
200.0
75.0
45.0
179.0
170.0
64.0
200.0
15.0
170.0
212.0
28.0
170.0
69.0
49.0
90.0
100.0
173.0
140.0
264.0
20.0
264.0
80.0
75.0
40.0
134.0
143.0
95.0
154.0
265.0
75.0
67.0
170.0
64.0
230.0
163.0
59.0
175.0
60.0
65.0
75.0
153.0
70.0
98.0
35.0
41.0
55.0
55.0
180.0
310.0
73.0
145.0
102.0
63.0
43.0
120.0
65.0
169.0
87.0
275.0
173.0
49.0
150.0
69.0
38.0
189.0
78.0
90.0
43.0
60.0
51.0
124.0
229.0
65.0
73.0
150.0
101.0
63.0
164.0
84.0
85.0
255.0
95.0
168.0
250.0
50.0
59.0
144.0
65.0
210.0
168.0
215.0
35.0
49.0
70.0
90.0
70.0
44.0
239.0
285.0
208.0
84.0
88.0
95.0
155.0
98.0
25.0
152.0
40.0
140.0
44.0
32.0
33.0
395.0
60.0
240.0
95.0
157.0
55.0
175.0
148.0
120.0
264.0
50.0
120.0
55.0
59.0
110.0
94.0
190.0
40.0
54.0
69.0
265.0
149.0
140.0
145.0
65.0
55.0
170.0
184.0
153.0
90.0
189.0
75.0
180.0
70.0
70.0
170.0
110.0
264.0
54.0
144.0
39.0
73.0
60.0
65.0
170.0
180.0
50.0
189.0
150.0
135.0
144.0
155.0
33.0
74.0
112.0
80.0
180.0
184.0
75.0
65.0
115.0
50.0
63.0
255.0
154.0
100.0
54.0
75.0
95.0
144.0
170.0
148.0
150.0
165.0
69.0
240.0
160.0
55.0
89.0
73.0
264.0
139.0
145.0
25.0
145.0
237.0
59.0
84.0
80.0
