-706.0
-582.0
-610.0
-790.0
-541.0
-418.0
-290.0
-680.0
-486.0
-587.0
-335.0
-522.0
-672.0
-496.0
-126.0
-300.0
-237.0
-201.0
-477.0
-417.0
-376.0
-210.0
-158.0
40.0
-131.0
-181.0
-166.0
-29.0
-111.0
-22.0
-181.0
-213.0
-20.0
-191.0
-342.0
68.0
-20.0
29.0
7.0
117.0
72.0
-201.0
64.0
-230.0
-17.0
-301.0
-101.0
-52.0
-52.0
224.0
-18.0
27.0
43.0
-210.0
243.0
186.0
5.0
-74.0
99.0
163.0
-122.0
127.0
-67.0
69.0
49.0
-12.0
18.0
10.0
30.0
-47.0
-37.0
-13.0
-74.0
-66.0
48.0
-71.0
259.0
-6.0
272.0
-26.0
-31.0
-117.0
290.0
55.0
45.0
92.0
130.0
-39.0
122.0
269.0
-92.0
37.0
339.0
73.0
66.0
93.0
168.0
-6.0
23.0
63.0
140.0
20.0
146.0
-53.0
127.0
178.0
43.0
169.0
75.0
7.0
33.0
56.0
231.0
85.0
180.0
281.0
180.0
191.0
-129.0
180.0
14.0
105.0
45.0
59.0
57.0
182.0
202.0
216.0
135.0
70.0
-52.0
30.0
195.0
72.0
210.0
67.0
173.0
59.0
10.0
208.0
165.0
110.0
55.0
87.0
88.0
67.0
-18.0
303.0
125.0
49.0
69.0
45.0
6.0
105.0
83.0
172.0
-19.0
129.0
238.0
53.0
36.0
47.0
2.0
134.0
83.0
140.0
349.0
103.0
51.0
62.0
113.0
30.0
187.0
70.0
41.0
6.0
140.0
-62.0
24.0
-37.0
178.0
67.0
75.0
164.0
146.0
78.0
339.0
263.0
283.0
73.0
271.0
53.0
104.0
232.0
163.0
-10.0
74.0
-16.0
173.0
85.0
120.0
47.0
263.0
9.0
288.0
52.0
157.0
61.0
264.0
290.0
59.0
197.0
192.0
332.0
409.0
-16.0
68.0
147.0
120.0
55.0
224.0
-57.0
153.0
51.0
50.0
149.0
192.0
56.0
18.0
235.0
42.0
310.0
15.0
54.0
210.0
144.0
129.0
98.0
269.0
71.0
-4.0
150.0
45.0
-10.0
16.0
17.0
153.0
24.0
152.0
39.0
23.0
89.0
170.0
64.0
169.0
135.0
175.0
174.0
-121.0
225.0
109.0
278.0
72.0
154.0
49.0
118.0
285.0
247.0
3.0
304.0
70.0
289.0
183.0
298.0
120.0
-23.0
218.0
134.0
39.0
115.0
268.0
-88.0
-12.0
154.0
479.0
112.0
62.0
152.0
128.0
143.0
263.0
283.0
135.0
175.0
78.0
68.0
123.0
369.0
198.0
59.0
195.0
153.0
43.0
250.0
120.0
64.0
77.0
79.0
17.0
60.0
83.0
156.0
45.0
377.0
199.0
278.0
344.0
186.0
262.0
204.0
79.0
63.0
95.0
12.0
187.0
163.0
39.0
94.0
248.0
133.0
50.0
225.0
267.0
84.0
75.0
187.0
201.0
180.0
269.0
127.0
26.0
190.0
194.0
181.0
142.0
237.0
221.0
59.0
158.0
89.0
163.0
304.0
268.0
191.0
-27.0
283.0
112.0
188.0
74.0
182.0
-48.0
85.0
158.0
89.0
161.0
231.0
166.0
355.0
123.0
134.0
5.0
250.0
99.0
70.0
27.0
290.0
24.0
-95.0
135.0
284.0
187.0
140.0
225.0
285.0
200.0
100.0
175.0
-52.0
131.0
53.0
129.0
169.0
218.0
62.0
40.0
125.0
23.0
259.0
140.0
92.0
15.0
178.0
-36.0
295.0
204.0
154.0
65.0
55.0
153.0
295.0
-34.0
189.0
165.0
272.0
186.0
314.0
60.0
179.0
224.0
47.0
216.0
270.0
93.0
82.0
121.0
68.0
19.0
259.0
294.0
149.0
65.0
163.0
25.0
218.0
112.0
190.0
310.0
166.0
49.0
199.0
83.0
52.0
184.0
180.0
34.0
97.0
250.0
268.0
105.0
214.0
39.0
159.0
370.0
64.0
83.0
70.0
300.0
235.0
105.0
188.0
50.0
294.0
30.0
78.0
190.0
158.0
79.0
310.0
59.0
276.0
285.0
74.0
149.0
215.0
129.0
85.0
53.0
404.0
38.0
292.0
140.0
78.0
145.0
80.0
137.0
39.0
366.0
54.0
74.0
3.0
88.0
235.0
160.0
290.0
224.0
30.0
75.0
267.0
70.0
424.0
135.0
409.0
150.0
230.0
104.0
260.0
50.0
392.0
265.0
108.0
77.0
122.0
165.0
214.0
174.0
424.0
159.0
73.0
85.0
200.0
205.0
120.0
180.0
155.0
144.0
80.0
29.0
330.0
193.0
128.0
194.0
392.0
60.0
279.0
277.0
174.0
170.0
75.0
64.0
445.0
328.0
170.0
156.0
149.0
83.0
285.0
173.0
255.0
195.0
84.0
112.0
114.0
275.0
173.0
313.0
255.0
365.0
234.0
308.0
199.0
320.0
162.0
125.0
415.0
205.0
490.0
90.0
24.0
100.0
180.0
37.0
295.0
183.0
220.0
77.0
105.0
200.0
185.0
480.0
125.0
50.0
105.0
285.0
182.0
273.0
215.0
283.0
124.0
77.0
85.0
25.0
195.0
188.0
209.0
205.0
195.0
78.0
170.0
425.0
80.0
103.0
121.0
89.0
179.0
94.0
139.0
315.0
55.0
59.0
304.0
214.0
205.0
82.0
129.0
50.0
215.0
240.0
185.0
179.0
65.0
70.0
205.0
395.0
264.0
70.0
208.0
160.0
149.0
309.0
374.0
243.0
159.0
85.0
195.0
170.0
44.0
3.0
74.0
70.0
165.0
139.0
59.0
185.0
219.0
254.0
85.0
220.0
129.0
215.0
174.0
360.0
484.0
190.0
69.0
39.0
161.0
75.0
35.0
149.0
74.0
80.0
95.0
75.0
78.0
59.0
55.0
189.0
183.0
205.0
260.0
270.0
70.0
111.0
275.0
189.0
73.0
410.0
50.0
239.0
109.0
130.0
160.0
245.0
85.0
65.0
99.0
175.0
110.0
60.0
171.0
65.0
98.0
37.0
50.0
65.0
56.0
65.0
255.0
160.0
75.0
84.0
73.0
210.0
83.0
209.0
94.0
170.0
159.0
170.0
185.0
54.0
174.0
175.0
285.0
185.0
105.0
78.0
193.0
299.0
135.0
178.0
55.0
48.0
33.0
55.0
215.0
30.0
385.0
170.0
54.0
100.0
90.0
83.0
160.0
50.0
150.0
190.0
130.0
27.0
59.0
70.0
54.0
55.0
180.0
140.0
60.0
175.0
175.0
198.0
163.0
83.0
84.0
145.0
184.0
100.0
63.0
174.0
50.0
70.0
60.0
60.0
168.0
149.0
48.0
129.0
160.0
80.0
245.0
69.0
110.0
165.0
370.0
94.0
235.0
125.0
50.0
45.0
55.0
45.0
65.0
50.0
105.0
160.0
85.0
49.0
68.0
163.0
80.0
80.0
65.0
90.0
103.0
160.0
61.0
78.0
73.0
50.0
40.0
50.0
55.0
149.0
215.0
120.0
153.0
183.0
79.0
30.0
80.0
124.0
165.0
135.0
80.0
54.0
35.0
265.0
149.0
134.0
90.0
65.0
135.0
70.0
75.0
190.0
154.0
155.0
69.0
108.0
60.0
159.0
39.0
195.0
94.0
45.0
40.0
45.0
294.0
74.0
160.0
80.0
255.0
175.0
364.0
80.0
140.0
70.0
80.0
75.0
64.0
54.0
255.0
78.0
158.0
75.0
155.0
280.0
67.0
148.0
75.0
54.0
177.0
260.0
30.0
45.0
155.0
54.0
103.0
45.0
23.0
53.0
154.0
85.0
65.0
64.0
35.0
50.0
139.0
50.0
99.0
250.0
95.0
69.0
65.0
110.0
75.0
285.0
85.0
40.0
160.0
165.0
170.0
243.0
105.0
114.0
35.0
280.0
50.0
145.0
55.0
42.0
94.0
170.0
139.0
169.0
80.0
55.0
60.0
70.0
168.0
190.0
70.0
279.0
147.0
85.0
248.0
65.0
180.0
99.0
160.0
175.0
19.0
145.0
74.0
58.0
68.0
63.0
284.0
50.0
15.0
35.0
110.0
75.0
55.0
169.0
71.0
88.0
45.0
68.0
75.0
64.0
140.0
65.0
175.0
135.0
35.0
37.0
140.0
139.0
59.0
14.0
65.0
155.0
180.0
29.0
185.0
55.0
34.0
94.0
95.0
239.0
175.0
33.0
65.0
131.0
70.0
259.0
70.0
143.0
155.0
165.0
78.0
75.0
200.0
75.0
245.0
46.0
188.0
167.0
55.0
83.0
245.0
99.0
95.0
139.0
170.0
99.0
99.0
67.0
183.0
65.0
260.0
63.0
74.0
30.0
134.0
45.0
38.0
85.0
64.0
44.0
93.0
64.0
69.0
175.0
80.0
85.0
52.0
144.0
48.0
85.0
149.0
49.0
43.0
60.0
69.0
160.0
45.0
199.0
105.0
166.0
75.0
70.0
60.0
35.0
144.0
289.0
65.0
65.0
43.0
109.0
79.0
50.0
109.0
53.0
105.0
185.0
70.0
188.0
159.0
43.0
84.0
94.0
78.0
154.0
175.0
144.0
85.0
150.0
13.0
59.0
64.0
138.0
90.0
48.0
89.0
129.0
160.0
69.0
139.0
163.0
55.0
59.0
50.0
274.0
40.0
60.0
79.0
110.0
84.0
85.0
44.0
155.0
170.0
75.0
42.0
75.0
104.0
180.0
155.0
55.0
40.0
180.0
69.0
175.0
44.0
180.0
130.0
64.0
80.0
54.0
165.0
55.0
75.0
155.0
94.0
40.0
60.0
19.0
125.0
115.0
100.0
99.0
177.0
75.0
99.0
220.0
144.0
79.0
90.0
179.0
77.0
75.0
65.0
55.0
154.0
63.0
185.0
94.0
158.0
100.0
44.0
170.0
145.0
65.0
150.0
75.0
80.0
109.0
110.0
84.0
125.0
55.0
88.0
140.0
35.0
150.0
140.0
65.0
50.0
54.0
65.0
44.0
145.0
285.0
95.0
70.0
75.0
145.0
75.0
225.0
260.0
140.0
105.0
40.0
15.0
274.0
39.0
65.0
160.0
84.0
169.0
64.0
194.0
70.0
183.0
80.0
142.0
59.0
240.0
175.0
162.0
165.0
112.0
170.0
75.0
50.0
135.0
55.0
16.0
18.0
77.0
71.0
155.0
60.0
104.0
80.0
20.0
63.0
150.0
125.0
45.0
89.0
185.0
36.0
205.0
95.0
80.0
185.0
63.0
165.0
75.0
174.0
73.0
95.0
8.0
78.0
75.0
70.0
50.0
90.0
33.0
28.0
60.0
169.0
50.0
64.0
45.0
39.0
59.0
84.0
79.0
78.0
15.0
200.0
99.0
25.0
64.0
74.0
59.0
75.0
90.0
165.0
170.0
80.0
160.0
110.0
225.0
177.0
47.0
79.0
58.0
105.0
160.0
158.0
85.0
168.0
140.0
169.0
80.0
170.0
75.0
262.0
99.0
165.0
62.0
64.0
55.0
149.0
80.0
45.0
175.0
19.0
80.0
180.0
57.0
65.0
140.0
244.0
155.0
147.0
95.0
55.0
48.0
150.0
34.0
49.0
63.0
80.0
70.0
150.0
70.0
70.0
60.0
64.0
150.0
135.0
23.0
70.0
55.0
54.0
75.0
90.0
193.0
55.0
85.0
67.0
64.0
139.0
33.0
78.0
238.0
50.0
95.0
49.0
35.0
70.0
38.0
85.0
105.0
80.0
89.0
88.0
40.0
95.0
215.0
130.0
70.0
80.0
89.0
64.0
169.0
170.0
45.0
69.0
200.0
50.0
89.0
60.0
55.0
70.0
145.0
94.0
35.0
65.0
185.0
64.0
114.0
89.0
77.0
140.0
160.0
30.0
80.0
59.0
78.0
65.0
193.0
135.0
49.0
94.0
84.0
66.0
70.0
34.0
40.0
60.0
50.0
75.0
80.0
64.0
159.0
198.0
55.0
150.0
60.0
95.0
49.0
169.0
73.0
90.0
38.0
253.0
89.0
39.0
49.0
195.0
98.0
105.0
64.0
64.0
55.0
60.0
150.0
40.0
160.0
66.0
80.0
160.0
59.0
153.0
55.0
80.0
144.0
73.0
70.0
64.0
85.0
87.0
55.0
60.0
50.0
140.0
74.0
59.0
40.0
40.0
128.0
85.0
130.0
224.0
280.0
184.0
85.0
180.0
74.0
60.0
74.0
105.0
44.0
189.0
200.0
95.0
149.0
47.0
28.0
150.0
98.0
85.0
140.0
113.0
63.0
60.0
60.0
44.0
40.0
70.0
53.0
80.0
78.0
180.0
49.0
184.0
100.0
169.0
35.0
115.0
50.0
70.0
80.0
90.0
25.0
130.0
52.0
59.0
140.0
185.0
90.0
70.0
185.0
48.0
27.0
43.0
205.0
74.0
45.0
60.0
130.0
55.0
39.0
50.0
284.0
74.0
55.0
168.0
50.0
162.0
60.0
145.0
250.0
85.0
138.0
190.0
70.0
73.0
155.0
60.0
150.0
50.0
49.0
60.0
185.0
68.0
172.0
165.0
174.0
79.0
79.0
