-409.0
-582.0
-411.0
-766.0
-299.0
-223.0
-263.0
-260.0
-78.0
-108.0
-261.0
-491.0
-555.0
-239.0
-547.0
-136.0
-268.0
-328.0
-186.0
1.0
-47.0
-113.0
-588.0
-415.0
-401.0
-156.0
-84.0
-284.0
2.0
-343.0
-104.0
-139.0
-474.0
-146.0
-99.0
-695.0
-133.0
-328.0
-293.0
-317.0
-268.0
-287.0
-322.0
-202.0
-120.0
-324.0
-375.0
-249.0
-905.0
-386.0
-332.0
-59.0
-111.0
-313.0
-267.0
-70.0
-484.0
-89.0
-464.0
-304.0
-230.0
-105.0
-181.0
-327.0
-345.0
-107.0
-126.0
-235.0
-148.0
-5.0
-180.0
-10.0
-14.0
-214.0
-199.0
-490.0
-109.0
-428.0
-316.0
-30.0
-150.0
-93.0
-42.0
-156.0
26.0
-168.0
-5.0
-37.0
-188.0
-52.0
-99.0
49.0
-227.0
-223.0
173.0
-112.0
-221.0
35.0
-110.0
-246.0
-48.0
35.0
78.0
118.0
19.0
-38.0
-332.0
-123.0
-206.0
-32.0
-107.0
-173.0
34.0
-128.0
-48.0
-91.0
51.0
-232.0
-25.0
-79.0
-242.0
205.0
-46.0
-50.0
-166.0
3.0
-55.0
109.0
-228.0
15.0
44.0
-131.0
132.0
-269.0
58.0
170.0
-60.0
308.0
-120.0
44.0
11.0
96.0
-57.0
97.0
143.0
-197.0
-67.0
17.0
-37.0
-32.0
58.0
-97.0
48.0
-52.0
-185.0
235.0
-136.0
192.0
-115.0
32.0
94.0
173.0
-41.0
-205.0
-116.0
-82.0
-62.0
67.0
7.0
-216.0
193.0
-126.0
112.0
69.0
29.0
-44.0
-34.0
75.0
-187.0
-76.0
-61.0
75.0
44.0
-66.0
86.0
124.0
16.0
79.0
29.0
74.0
115.0
162.0
-17.0
-78.0
156.0
69.0
-49.0
-14.0
69.0
25.0
69.0
153.0
80.0
31.0
376.0
62.0
28.0
-22.0
63.0
-21.0
100.0
324.0
-48.0
138.0
64.0
212.0
191.0
151.0
165.0
245.0
385.0
75.0
149.0
182.0
94.0
167.0
245.0
54.0
-77.0
72.0
-43.0
-45.0
2.0
-48.0
53.0
-11.0
189.0
50.0
70.0
219.0
164.0
36.0
348.0
24.0
57.0
38.0
199.0
49.0
78.0
63.0
165.0
10.0
118.0
117.0
48.0
84.0
99.0
8.0
99.0
180.0
171.0
314.0
185.0
55.0
156.0
176.0
-57.0
175.0
29.0
-69.0
176.0
-22.0
200.0
248.0
263.0
323.0
47.0
136.0
185.0
80.0
78.0
138.0
78.0
299.0
149.0
166.0
122.0
296.0
-55.0
182.0
153.0
164.0
11.0
26.0
179.0
89.0
141.0
57.0
272.0
38.0
154.0
284.0
89.0
58.0
103.0
230.0
242.0
38.0
80.0
55.0
79.0
384.0
47.0
28.0
80.0
-6.0
68.0
18.0
16.0
74.0
104.0
-2.0
39.0
84.0
88.0
73.0
81.0
62.0
15.0
98.0
40.0
95.0
24.0
165.0
183.0
171.0
251.0
89.0
64.0
320.0
205.0
24.0
89.0
43.0
198.0
253.0
107.0
93.0
49.0
114.0
38.0
84.0
263.0
67.0
75.0
161.0
74.0
222.0
139.0
305.0
320.0
96.0
266.0
241.0
274.0
193.0
142.0
264.0
109.0
34.0
-23.0
85.0
199.0
20.0
174.0
240.0
49.0
154.0
134.0
89.0
198.0
80.0
40.0
303.0
59.0
176.0
44.0
186.0
60.0
90.0
96.0
179.0
163.0
3.0
308.0
199.0
-26.0
353.0
308.0
415.0
324.0
130.0
75.0
19.0
222.0
190.0
84.0
280.0
139.0
128.0
116.0
157.0
208.0
98.0
103.0
86.0
268.0
70.0
41.0
135.0
78.0
133.0
254.0
273.0
309.0
163.0
217.0
74.0
186.0
130.0
44.0
98.0
73.0
115.0
187.0
223.0
60.0
318.0
146.0
259.0
159.0
293.0
69.0
163.0
267.0
267.0
97.0
175.0
30.0
288.0
85.0
63.0
54.0
68.0
63.0
196.0
62.0
184.0
205.0
229.0
53.0
235.0
70.0
269.0
49.0
69.0
99.0
140.0
179.0
144.0
53.0
299.0
98.0
159.0
63.0
190.0
43.0
210.0
303.0
366.0
294.0
59.0
234.0
333.0
22.0
39.0
383.0
153.0
188.0
194.0
65.0
119.0
312.0
178.0
290.0
197.0
395.0
140.0
164.0
40.0
175.0
55.0
65.0
261.0
28.0
244.0
200.0
58.0
187.0
49.0
270.0
188.0
145.0
73.0
223.0
91.0
83.0
44.0
83.0
313.0
305.0
155.0
209.0
310.0
231.0
389.0
178.0
164.0
67.0
95.0
99.0
139.0
239.0
160.0
138.0
205.0
97.0
94.0
75.0
200.0
183.0
275.0
188.0
200.0
90.0
308.0
58.0
85.0
174.0
159.0
52.0
47.0
113.0
218.0
240.0
322.0
214.0
420.0
220.0
288.0
252.0
285.0
184.0
175.0
205.0
28.0
40.0
199.0
89.0
205.0
214.0
100.0
180.0
177.0
85.0
378.0
180.0
65.0
105.0
290.0
67.0
159.0
194.0
178.0
174.0
125.0
59.0
127.0
194.0
42.0
88.0
302.0
103.0
162.0
204.0
162.0
60.0
199.0
200.0
175.0
190.0
190.0
120.0
110.0
59.0
162.0
250.0
315.0
290.0
162.0
300.0
72.0
223.0
132.0
509.0
194.0
93.0
135.0
-10.0
87.0
280.0
70.0
38.0
90.0
309.0
44.0
75.0
165.0
184.0
144.0
85.0
85.0
71.0
219.0
100.0
389.0
58.0
23.0
197.0
93.0
160.0
174.0
177.0
179.0
238.0
89.0
144.0
345.0
190.0
27.0
170.0
160.0
69.0
184.0
54.0
84.0
77.0
59.0
220.0
188.0
174.0
82.0
262.0
192.0
113.0
170.0
32.0
190.0
162.0
69.0
209.0
158.0
160.0
23.0
258.0
194.0
194.0
209.0
165.0
180.0
69.0
202.0
239.0
70.0
195.0
172.0
154.0
57.0
200.0
80.0
203.0
54.0
186.0
57.0
97.0
280.0
209.0
215.0
89.0
178.0
193.0
148.0
109.0
312.0
184.0
320.0
70.0
58.0
172.0
195.0
139.0
65.0
390.0
93.0
158.0
58.0
63.0
265.0
190.0
112.0
309.0
90.0
173.0
280.0
193.0
83.0
94.0
68.0
190.0
56.0
90.0
110.0
68.0
30.0
84.0
205.0
160.0
175.0
85.0
205.0
80.0
47.0
80.0
68.0
48.0
185.0
55.0
295.0
53.0
43.0
380.0
175.0
80.0
195.0
54.0
70.0
140.0
-15.0
289.0
250.0
45.0
99.0
175.0
55.0
86.0
165.0
100.0
73.0
198.0
49.0
184.0
62.0
169.0
174.0
180.0
290.0
63.0
151.0
73.0
69.0
240.0
55.0
209.0
215.0
290.0
170.0
168.0
68.0
83.0
260.0
179.0
49.0
160.0
185.0
58.0
235.0
100.0
170.0
87.0
170.0
75.0
290.0
140.0
69.0
95.0
160.0
52.0
149.0
65.0
188.0
145.0
88.0
65.0
165.0
105.0
103.0
35.0
74.0
55.0
69.0
93.0
180.0
79.0
140.0
90.0
98.0
148.0
190.0
175.0
79.0
49.0
75.0
85.0
95.0
60.0
60.0
68.0
160.0
70.0
43.0
90.0
65.0
174.0
24.0
90.0
85.0
155.0
55.0
205.0
50.0
180.0
144.0
48.0
65.0
195.0
255.0
80.0
43.0
44.0
165.0
64.0
50.0
174.0
90.0
175.0
84.0
185.0
35.0
33.0
64.0
55.0
190.0
55.0
95.0
98.0
75.0
110.0
95.0
46.0
165.0
150.0
75.0
134.0
145.0
100.0
163.0
90.0
185.0
140.0
194.0
90.0
115.0
80.0
44.0
44.0
143.0
60.0
175.0
189.0
149.0
138.0
88.0
67.0
160.0
44.0
40.0
73.0
169.0
80.0
55.0
65.0
78.0
53.0
85.0
133.0
53.0
43.0
65.0
149.0
172.0
89.0
200.0
125.0
270.0
54.0
100.0
75.0
70.0
154.0
38.0
85.0
98.0
149.0
190.0
67.0
179.0
139.0
180.0
163.0
55.0
184.0
40.0
100.0
58.0
154.0
99.0
384.0
194.0
50.0
170.0
169.0
54.0
69.0
160.0
90.0
37.0
249.0
69.0
31.0
90.0
55.0
44.0
150.0
84.0
90.0
59.0
69.0
120.0
64.0
65.0
253.0
158.0
100.0
255.0
44.0
49.0
87.0
70.0
53.0
119.0
48.0
275.0
43.0
184.0
159.0
125.0
165.0
157.0
65.0
240.0
94.0
125.0
70.0
180.0
124.0
34.0
80.0
90.0
95.0
80.0
187.0
50.0
119.0
155.0
68.0
90.0
74.0
125.0
150.0
45.0
49.0
212.0
149.0
80.0
115.0
204.0
49.0
90.0
169.0
55.0
60.0
184.0
84.0
54.0
100.0
140.0
77.0
84.0
149.0
173.0
40.0
34.0
73.0
70.0
85.0
160.0
50.0
160.0
74.0
165.0
60.0
74.0
140.0
43.0
129.0
185.0
151.0
95.0
74.0
94.0
40.0
30.0
170.0
105.0
78.0
70.0
180.0
123.0
180.0
184.0
155.0
159.0
145.0
74.0
165.0
85.0
35.0
14.0
65.0
169.0
85.0
139.0
70.0
160.0
72.0
65.0
90.0
333.0
145.0
26.0
89.0
32.0
65.0
8.0
84.0
124.0
144.0
128.0
90.0
59.0
72.0
34.0
173.0
75.0
198.0
165.0
170.0
89.0
61.0
140.0
198.0
175.0
134.0
139.0
259.0
91.0
139.0
75.0
75.0
54.0
50.0
99.0
89.0
129.0
229.0
149.0
65.0
153.0
35.0
168.0
50.0
60.0
165.0
24.0
85.0
70.0
14.0
250.0
78.0
24.0
145.0
152.0
60.0
94.0
68.0
169.0
60.0
160.0
175.0
60.0
74.0
50.0
160.0
35.0
165.0
64.0
147.0
70.0
245.0
174.0
50.0
63.0
155.0
259.0
224.0
165.0
62.0
60.0
169.0
85.0
129.0
115.0
59.0
154.0
105.0
173.0
79.0
85.0
59.0
153.0
275.0
184.0
80.0
62.0
29.0
144.0
160.0
126.0
66.0
59.0
160.0
60.0
79.0
65.0
50.0
148.0
194.0
205.0
75.0
90.0
65.0
64.0
265.0
170.0
36.0
88.0
135.0
184.0
50.0
54.0
59.0
49.0
180.0
315.0
243.0
235.0
75.0
90.0
175.0
85.0
59.0
195.0
163.0
165.0
65.0
150.0
75.0
167.0
164.0
140.0
165.0
170.0
190.0
145.0
63.0
116.0
269.0
260.0
90.0
50.0
89.0
59.0
140.0
21.0
65.0
90.0
43.0
70.0
34.0
145.0
67.0
129.0
45.0
162.0
244.0
77.0
55.0
160.0
180.0
160.0
60.0
80.0
34.0
104.0
60.0
59.0
169.0
45.0
53.0
75.0
49.0
65.0
64.0
80.0
163.0
84.0
130.0
59.0
42.0
65.0
160.0
95.0
79.0
80.0
174.0
355.0
105.0
140.0
79.0
89.0
22.0
65.0
67.0
160.0
69.0
63.0
104.0
55.0
280.0
48.0
160.0
134.0
130.0
50.0
185.0
40.0
185.0
160.0
50.0
274.0
35.0
65.0
79.0
74.0
92.0
90.0
74.0
59.0
90.0
40.0
160.0
39.0
159.0
159.0
55.0
75.0
89.0
270.0
75.0
99.0
90.0
139.0
295.0
65.0
55.0
65.0
239.0
260.0
49.0
174.0
75.0
25.0
130.0
25.0
70.0
165.0
70.0
35.0
80.0
280.0
295.0
105.0
145.0
59.0
90.0
95.0
117.0
80.0
50.0
170.0
113.0
178.0
169.0
60.0
62.0
80.0
249.0
180.0
54.0
159.0
120.0
35.0
148.0
158.0
53.0
160.0
47.0
254.0
140.0
55.0
9.0
160.0
130.0
65.0
53.0
254.0
174.0
74.0
95.0
175.0
159.0
50.0
190.0
160.0
180.0
90.0
58.0
54.0
165.0
160.0
120.0
55.0
50.0
20.0
155.0
49.0
60.0
74.0
94.0
105.0
125.0
160.0
20.0
80.0
72.0
155.0
200.0
180.0
80.0
85.0
59.0
244.0
160.0
174.0
180.0
259.0
50.0
153.0
135.0
64.0
73.0
49.0
360.0
85.0
64.0
89.0
45.0
69.0
43.0
173.0
79.0
83.0
75.0
165.0
58.0
290.0
174.0
173.0
49.0
161.0
180.0
95.0
94.0
60.0
79.0
79.0
83.0
50.0
163.0
49.0
44.0
64.0
170.0
54.0
132.0
50.0
157.0
60.0
64.0
84.0
190.0
69.0
140.0
77.0
165.0
170.0
75.0
44.0
68.0
98.0
180.0
89.0
54.0
64.0
154.0
60.0
54.0
80.0
53.0
130.0
70.0
50.0
164.0
75.0
160.0
38.0
54.0
79.0
39.0
50.0
273.0
180.0
165.0
175.0
65.0
165.0
83.0
54.0
35.0
240.0
75.0
45.0
58.0
335.0
179.0
95.0
95.0
84.0
140.0
75.0
48.0
81.0
269.0
169.0
147.0
65.0
33.0
275.0
99.0
170.0
95.0
79.0
30.0
70.0
174.0
50.0
240.0
145.0
90.0
165.0
14.0
239.0
24.0
255.0
178.0
65.0
198.0
-28.0
275.0
70.0
