-288.0
-140.0
-373.0
-132.0
-310.0
-201.0
-260.0
-366.0
-187.0
-133.0
-425.0
-142.0
-281.0
-166.0
-281.0
-90.0
-211.0
-237.0
-400.0
-336.0
-226.0
-346.0
-441.0
-320.0
-101.0
-91.0
-121.0
-150.0
-411.0
-137.0
-221.0
-55.0
-148.0
-241.0
-172.0
-216.0
-330.0
-457.0
-52.0
-272.0
-52.0
-94.0
-226.0
-155.0
-406.0
-230.0
-211.0
-171.0
-178.0
-320.0
-182.0
-55.0
-371.0
-230.0
-103.0
-355.0
-426.0
-151.0
-217.0
-275.0
-107.0
-105.0
-111.0
-206.0
-192.0
-163.0
-117.0
-352.0
-296.0
-307.0
-41.0
-221.0
-146.0
-283.0
-158.0
-128.0
-87.0
-62.0
-466.0
-275.0
-182.0
-247.0
-97.0
-32.0
-97.0
-93.0
-181.0
-357.0
-220.0
-406.0
-90.0
-185.0
-115.0
-135.0
-363.0
-274.0
-67.0
-49.0
-229.0
-298.0
-101.0
-181.0
-37.0
-131.0
-145.0
-268.0
-158.0
-396.0
-196.0
-233.0
-137.0
-150.0
-231.0
-188.0
-223.0
-128.0
-174.0
-86.0
-125.0
-381.0
-346.0
-66.0
-82.0
-45.0
-186.0
-247.0
-251.0
-240.0
-230.0
-206.0
-316.0
-132.0
-221.0
-122.0
-62.0
-170.0
-327.0
-25.0
-253.0
-85.0
-87.0
-229.0
-15.0
-186.0
87.0
-180.0
60.0
69.0
-148.0
99.0
13.0
-62.0
-123.0
-61.0
-77.0
-213.0
-202.0
-151.0
-221.0
-65.0
-174.0
-51.0
-283.0
-194.0
-186.0
-327.0
80.0
-106.0
-43.0
-236.0
-246.0
-44.0
-128.0
85.0
1.0
-71.0
-137.0
-214.0
-198.0
-162.0
-157.0
-106.0
-148.0
-108.0
-6.0
-12.0
-246.0
-147.0
-131.0
-57.0
-23.0
-232.0
-72.0
-74.0
-32.0
-340.0
-71.0
-160.0
-17.0
-190.0
-111.0
-31.0
104.0
58.0
-232.0
-39.0
-121.0
-174.0
-355.0
5.0
-34.0
-128.0
-48.0
-257.0
-356.0
68.0
-35.0
-91.0
-76.0
-59.0
-105.0
-340.0
-185.0
-46.0
-160.0
-256.0
-166.0
87.0
-129.0
46.0
-79.0
-47.0
66.0
-25.0
-330.0
54.0
19.0
-132.0
158.0
-41.0
-20.0
34.0
-126.0
197.0
4.0
-119.0
-191.0
-33.0
-2.0
0.0
-36.0
-82.0
8.0
99.0
-157.0
-92.0
-156.0
-57.0
153.0
203.0
-9.0
122.0
124.0
-132.0
12.0
19.0
-52.0
112.0
13.0
-20.0
267.0
-86.0
42.0
120.0
156.0
294.0
143.0
27.0
19.0
30.0
74.0
-21.0
-175.0
159.0
-13.0
283.0
45.0
383.0
84.0
267.0
274.0
160.0
33.0
154.0
161.0
34.0
29.0
409.0
158.0
143.0
134.0
199.0
125.0
36.0
300.0
105.0
100.0
65.0
164.0
194.0
-1.0
60.0
-21.0
43.0
118.0
48.0
224.0
80.0
256.0
118.0
108.0
22.0
209.0
98.0
205.0
148.0
184.0
11.0
40.0
158.0
-7.0
240.0
114.0
189.0
223.0
15.0
223.0
163.0
6.0
-23.0
39.0
250.0
85.0
225.0
181.0
209.0
94.0
169.0
113.0
56.0
180.0
174.0
-40.0
273.0
80.0
193.0
173.0
294.0
24.0
65.0
272.0
72.0
190.0
153.0
46.0
123.0
158.0
80.0
245.0
48.0
-27.0
179.0
262.0
64.0
-85.0
122.0
84.0
74.0
275.0
30.0
167.0
181.0
84.0
179.0
64.0
-5.0
107.0
69.0
178.0
53.0
105.0
52.0
88.0
148.0
125.0
179.0
283.0
243.0
117.0
50.0
100.0
104.0
119.0
80.0
93.0
178.0
38.0
165.0
155.0
115.0
288.0
188.0
178.0
129.0
78.0
122.0
177.0
90.0
177.0
164.0
165.0
59.0
34.0
241.0
179.0
21.0
184.0
179.0
156.0
93.0
36.0
215.0
179.0
64.0
79.0
293.0
114.0
237.0
40.0
27.0
335.0
170.0
78.0
100.0
151.0
171.0
126.0
135.0
99.0
94.0
256.0
205.0
130.0
74.0
-20.0
56.0
161.0
129.0
20.0
-91.0
199.0
81.0
44.0
110.0
209.0
318.0
259.0
199.0
288.0
350.0
48.0
390.0
-47.0
164.0
242.0
404.0
170.0
-8.0
183.0
165.0
47.0
114.0
106.0
312.0
210.0
343.0
35.0
185.0
46.0
200.0
424.0
210.0
80.0
14.0
215.0
78.0
400.0
74.0
143.0
69.0
107.0
74.0
211.0
109.0
169.0
269.0
74.0
108.0
205.0
79.0
205.0
198.0
190.0
185.0
244.0
85.0
160.0
175.0
209.0
259.0
308.0
110.0
319.0
120.0
80.0
128.0
147.0
73.0
57.0
80.0
212.0
142.0
168.0
75.0
294.0
128.0
130.0
315.0
173.0
175.0
73.0
84.0
205.0
175.0
149.0
49.0
194.0
78.0
195.0
245.0
294.0
277.0
95.0
122.0
227.0
52.0
80.0
152.0
56.0
293.0
244.0
168.0
90.0
152.0
156.0
65.0
172.0
159.0
193.0
79.0
38.0
270.0
82.0
298.0
134.0
186.0
4.0
220.0
215.0
114.0
365.0
83.0
200.0
475.0
275.0
211.0
295.0
51.0
123.0
203.0
184.0
184.0
169.0
113.0
152.0
168.0
292.0
281.0
149.0
283.0
189.0
64.0
52.0
145.0
235.0
37.0
30.0
219.0
105.0
70.0
170.0
68.0
89.0
170.0
180.0
24.0
200.0
179.0
184.0
48.0
164.0
107.0
305.0
161.0
212.0
185.0
139.0
105.0
70.0
305.0
173.0
53.0
188.0
198.0
268.0
299.0
375.0
132.0
58.0
214.0
173.0
133.0
347.0
93.0
228.0
176.0
205.0
189.0
87.0
174.0
160.0
73.0
64.0
364.0
194.0
290.0
259.0
64.0
247.0
148.0
90.0
165.0
290.0
65.0
159.0
124.0
149.0
37.0
184.0
88.0
52.0
285.0
205.0
111.0
19.0
35.0
-1.0
180.0
64.0
204.0
70.0
105.0
14.0
435.0
68.0
189.0
105.0
83.0
405.0
305.0
73.0
185.0
195.0
70.0
65.0
74.0
165.0
179.0
134.0
154.0
60.0
190.0
298.0
44.0
28.0
268.0
52.0
107.0
93.0
294.0
49.0
214.0
74.0
203.0
164.0
65.0
68.0
209.0
205.0
243.0
43.0
194.0
169.0
194.0
200.0
74.0
9.0
85.0
153.0
219.0
80.0
89.0
115.0
85.0
127.0
110.0
115.0
175.0
62.0
95.0
205.0
79.0
320.0
190.0
83.0
94.0
105.0
225.0
180.0
150.0
85.0
299.0
375.0
142.0
185.0
400.0
178.0
187.0
109.0
110.0
73.0
313.0
179.0
130.0
69.0
264.0
209.0
184.0
155.0
335.0
315.0
65.0
95.0
88.0
280.0
93.0
210.0
165.0
255.0
35.0
50.0
94.0
85.0
309.0
163.0
70.0
185.0
70.0
165.0
65.0
168.0
58.0
60.0
68.0
70.0
198.0
189.0
70.0
84.0
83.0
84.0
194.0
178.0
68.0
190.0
67.0
175.0
154.0
155.0
159.0
49.0
182.0
73.0
259.0
162.0
158.0
200.0
50.0
185.0
165.0
40.0
65.0
28.0
70.0
55.0
45.0
170.0
65.0
55.0
123.0
74.0
84.0
105.0
138.0
45.0
40.0
195.0
185.0
160.0
52.0
50.0
74.0
125.0
90.0
64.0
60.0
70.0
185.0
260.0
86.0
89.0
141.0
27.0
53.0
73.0
275.0
150.0
85.0
90.0
43.0
75.0
50.0
140.0
39.0
75.0
109.0
49.0
155.0
155.0
49.0
97.0
177.0
162.0
162.0
170.0
104.0
179.0
128.0
85.0
135.0
68.0
41.0
80.0
105.0
95.0
175.0
92.0
69.0
189.0
28.0
74.0
100.0
33.0
70.0
69.0
170.0
70.0
58.0
133.0
155.0
35.0
153.0
99.0
91.0
38.0
55.0
40.0
70.0
145.0
140.0
44.0
190.0
63.0
160.0
154.0
90.0
65.0
79.0
285.0
34.0
195.0
163.0
160.0
55.0
47.0
124.0
80.0
150.0
140.0
73.0
85.0
65.0
64.0
104.0
80.0
80.0
50.0
180.0
90.0
150.0
163.0
75.0
142.0
65.0
90.0
178.0
189.0
40.0
65.0
70.0
99.0
145.0
94.0
164.0
170.0
50.0
187.0
75.0
64.0
170.0
80.0
95.0
80.0
65.0
84.0
37.0
75.0
64.0
69.0
45.0
160.0
244.0
35.0
155.0
270.0
130.0
240.0
65.0
144.0
99.0
59.0
33.0
50.0
144.0
50.0
156.0
274.0
173.0
55.0
154.0
139.0
55.0
179.0
65.0
145.0
60.0
110.0
75.0
193.0
67.0
165.0
49.0
160.0
29.0
172.0
150.0
60.0
175.0
134.0
50.0
255.0
145.0
75.0
255.0
73.0
174.0
120.0
173.0
170.0
160.0
54.0
55.0
70.0
149.0
201.0
74.0
79.0
49.0
95.0
70.0
65.0
60.0
58.0
70.0
39.0
25.0
185.0
55.0
64.0
113.0
109.0
133.0
290.0
143.0
120.0
145.0
158.0
120.0
174.0
195.0
55.0
55.0
80.0
100.0
50.0
160.0
365.0
145.0
144.0
79.0
101.0
60.0
125.0
75.0
125.0
188.0
168.0
170.0
39.0
127.0
94.0
74.0
83.0
177.0
169.0
56.0
190.0
55.0
269.0
49.0
144.0
165.0
165.0
170.0
179.0
164.0
49.0
175.0
200.0
84.0
28.0
54.0
39.0
60.0
160.0
50.0
85.0
120.0
99.0
70.0
69.0
100.0
30.0
104.0
295.0
170.0
200.0
48.0
185.0
80.0
174.0
74.0
125.0
240.0
173.0
194.0
77.0
44.0
35.0
27.0
188.0
97.0
6.0
70.0
179.0
82.0
193.0
70.0
164.0
50.0
80.0
48.0
84.0
71.0
59.0
155.0
285.0
60.0
30.0
160.0
310.0
105.0
65.0
100.0
45.0
28.0
89.0
59.0
160.0
134.0
285.0
169.0
17.0
39.0
50.0
55.0
140.0
132.0
50.0
275.0
165.0
85.0
204.0
63.0
53.0
125.0
60.0
84.0
60.0
175.0
180.0
97.0
145.0
5.0
195.0
75.0
165.0
50.0
89.0
30.0
178.0
65.0
75.0
184.0
60.0
150.0
158.0
40.0
54.0
88.0
79.0
69.0
150.0
245.0
245.0
95.0
265.0
50.0
84.0
54.0
190.0
57.0
69.0
75.0
84.0
145.0
160.0
70.0
170.0
154.0
129.0
19.0
60.0
168.0
85.0
85.0
183.0
28.0
145.0
160.0
145.0
103.0
74.0
160.0
35.0
104.0
169.0
78.0
50.0
120.0
89.0
69.0
74.0
165.0
45.0
160.0
154.0
65.0
61.0
69.0
45.0
30.0
175.0
108.0
68.0
70.0
69.0
170.0
80.0
140.0
233.0
53.0
39.0
100.0
194.0
-7.0
55.0
72.0
105.0
74.0
69.0
105.0
70.0
175.0
254.0
265.0
84.0
22.0
34.0
25.0
80.0
74.0
92.0
45.0
104.0
100.0
40.0
30.0
70.0
169.0
140.0
161.0
45.0
170.0
92.0
60.0
145.0
180.0
12.0
168.0
149.0
140.0
93.0
50.0
74.0
90.0
170.0
70.0
143.0
193.0
67.0
69.0
75.0
44.0
135.0
104.0
168.0
114.0
29.0
170.0
40.0
39.0
30.0
174.0
160.0
175.0
38.0
150.0
145.0
140.0
54.0
50.0
205.0
100.0
80.0
55.0
62.0
65.0
269.0
50.0
245.0
165.0
50.0
171.0
44.0
50.0
76.0
133.0
65.0
73.0
59.0
147.0
60.0
150.0
68.0
54.0
72.0
45.0
104.0
171.0
57.0
145.0
178.0
141.0
185.0
189.0
60.0
39.0
89.0
85.0
165.0
90.0
73.0
55.0
85.0
194.0
194.0
191.0
180.0
135.0
95.0
173.0
75.0
128.0
85.0
165.0
270.0
70.0
180.0
50.0
165.0
65.0
185.0
43.0
74.0
140.0
135.0
43.0
48.0
64.0
74.0
203.0
75.0
137.0
195.0
70.0
280.0
189.0
190.0
143.0
169.0
174.0
170.0
173.0
45.0
155.0
81.0
160.0
94.0
50.0
64.0
55.0
120.0
130.0
61.0
55.0
215.0
95.0
86.0
82.0
60.0
145.0
155.0
29.0
65.0
35.0
53.0
62.0
75.0
159.0
205.0
40.0
180.0
105.0
185.0
129.0
165.0
160.0
175.0
179.0
65.0
29.0
89.0
186.0
80.0
69.0
70.0
79.0
90.0
161.0
75.0
195.0
109.0
65.0
54.0
69.0
168.0
64.0
83.0
159.0
109.0
165.0
100.0
120.0
185.0
150.0
70.0
100.0
279.0
54.0
163.0
112.0
240.0
43.0
110.0
165.0
154.0
170.0
38.0
38.0
200.0
70.0
128.0
75.0
35.0
122.0
65.0
174.0
170.0
179.0
39.0
35.0
85.0
28.0
81.0
115.0
75.0
140.0
43.0
103.0
89.0
74.0
82.0
158.0
40.0
70.0
135.0
135.0
36.0
137.0
55.0
84.0
50.0
59.0
50.0
84.0
99.0
70.0
75.0
128.0
53.0
79.0
30.0
45.0
149.0
185.0
130.0
60.0
70.0
173.0
30.0
174.0
64.0
164.0
254.0
155.0
94.0
265.0
149.0
255.0
114.0
100.0
65.0
34.0
130.0
105.0
65.0
260.0
139.0
164.0
189.0
49.0
28.0
140.0
58.0
85.0
170.0
150.0
55.0
55.0
260.0
90.0
134.0
160.0
89.0
200.0
93.0
147.0
45.0
105.0
75.0
85.0
45.0
