-687.0
-541.0
-729.0
-125.0
-325.0
-167.0
-454.0
-445.0
-266.0
-156.0
-92.0
-147.0
-219.0
-453.0
-342.0
-143.0
-650.0
-407.0
-72.0
-274.0
-163.0
-296.0
-306.0
-328.0
-87.0
-411.0
-173.0
-203.0
-411.0
-79.0
-189.0
-109.0
-571.0
-237.0
-102.0
-31.0
-17.0
-139.0
-315.0
-146.0
-63.0
-42.0
-133.0
-187.0
-217.0
-399.0
-190.0
-158.0
88.0
8.0
7.0
-195.0
-239.0
122.0
-182.0
-75.0
-166.0
114.0
-149.0
-60.0
17.0
-86.0
-45.0
-22.0
50.0
83.0
-4.0
-7.0
-97.0
-288.0
13.0
-85.0
35.0
-52.0
5.0
-38.0
17.0
1.0
19.0
112.0
-160.0
90.0
154.0
202.0
15.0
91.0
9.0
-128.0
202.0
45.0
109.0
63.0
-84.0
-102.0
67.0
39.0
177.0
113.0
67.0
125.0
81.0
74.0
67.0
196.0
109.0
115.0
36.0
163.0
4.0
3.0
46.0
50.0
123.0
15.0
165.0
265.0
288.0
243.0
-40.0
172.0
106.0
16.0
34.0
89.0
316.0
149.0
40.0
347.0
23.0
40.0
86.0
213.0
142.0
192.0
69.0
161.0
116.0
90.0
74.0
24.0
72.0
53.0
30.0
205.0
145.0
124.0
334.0
76.0
19.0
96.0
69.0
84.0
74.0
-101.0
44.0
9.0
138.0
132.0
315.0
67.0
267.0
59.0
144.0
164.0
90.0
224.0
-2.0
123.0
370.0
242.0
309.0
263.0
54.0
172.0
291.0
89.0
20.0
198.0
63.0
192.0
74.0
167.0
92.0
145.0
39.0
195.0
100.0
146.0
-1.0
195.0
100.0
182.0
182.0
23.0
1.0
85.0
180.0
183.0
73.0
99.0
-11.0
190.0
97.0
94.0
147.0
78.0
112.0
67.0
39.0
138.0
63.0
136.0
237.0
122.0
300.0
89.0
168.0
21.0
94.0
134.0
209.0
110.0
121.0
48.0
62.0
9.0
58.0
187.0
55.0
144.0
168.0
26.0
31.0
85.0
198.0
290.0
148.0
82.0
173.0
171.0
23.0
26.0
29.0
53.0
157.0
45.0
61.0
-41.0
53.0
103.0
185.0
53.0
0.0
288.0
195.0
41.0
153.0
114.0
-41.0
290.0
213.0
259.0
9.0
85.0
-121.0
381.0
319.0
67.0
153.0
39.0
-47.0
78.0
363.0
87.0
89.0
251.0
323.0
140.0
101.0
178.0
184.0
8.0
194.0
-17.0
379.0
-10.0
57.0
182.0
28.0
317.0
215.0
75.0
88.0
134.0
19.0
94.0
140.0
99.0
111.0
124.0
295.0
76.0
263.0
181.0
120.0
-9.0
300.0
82.0
14.0
225.0
142.0
53.0
188.0
27.0
94.0
144.0
94.0
52.0
14.0
98.0
270.0
193.0
415.0
132.0
140.0
11.0
21.0
205.0
109.0
144.0
70.0
-13.0
73.0
217.0
155.0
68.0
213.0
300.0
14.0
64.0
96.0
105.0
192.0
-51.0
42.0
124.0
197.0
120.0
55.0
98.0
9.0
273.0
89.0
48.0
328.0
269.0
88.0
59.0
229.0
20.0
285.0
80.0
38.0
220.0
77.0
147.0
209.0
80.0
152.0
214.0
48.0
157.0
304.0
87.0
195.0
93.0
30.0
123.0
328.0
287.0
20.0
75.0
10.0
83.0
112.0
91.0
160.0
72.0
65.0
63.0
73.0
102.0
8.0
180.0
190.0
34.0
29.0
84.0
90.0
-152.0
199.0
68.0
144.0
34.0
218.0
225.0
28.0
48.0
155.0
159.0
149.0
270.0
168.0
283.0
68.0
69.0
88.0
160.0
139.0
92.0
30.0
194.0
205.0
-22.0
64.0
189.0
49.0
105.0
168.0
273.0
172.0
84.0
50.0
172.0
170.0
276.0
79.0
64.0
57.0
183.0
174.0
29.0
190.0
108.0
78.0
204.0
134.0
88.0
150.0
53.0
274.0
138.0
165.0
88.0
143.0
92.0
304.0
108.0
250.0
244.0
47.0
209.0
54.0
228.0
57.0
138.0
87.0
259.0
60.0
70.0
174.0
68.0
176.0
69.0
403.0
65.0
78.0
95.0
57.0
181.0
47.0
30.0
-19.0
185.0
273.0
229.0
204.0
314.0
153.0
250.0
153.0
315.0
289.0
294.0
284.0
204.0
63.0
85.0
85.0
308.0
208.0
489.0
84.0
205.0
285.0
223.0
73.0
175.0
400.0
190.0
199.0
289.0
174.0
142.0
107.0
251.0
70.0
38.0
85.0
204.0
194.0
-230.0
284.0
209.0
54.0
158.0
38.0
104.0
279.0
9.0
114.0
96.0
169.0
80.0
85.0
65.0
378.0
93.0
39.0
100.0
64.0
246.0
29.0
255.0
139.0
202.0
80.0
175.0
84.0
268.0
320.0
85.0
294.0
60.0
168.0
58.0
184.0
148.0
285.0
179.0
190.0
168.0
399.0
130.0
48.0
348.0
198.0
174.0
74.0
195.0
64.0
256.0
281.0
214.0
189.0
74.0
100.0
168.0
209.0
160.0
153.0
69.0
49.0
248.0
90.0
190.0
193.0
283.0
139.0
140.0
94.0
305.0
279.0
63.0
264.0
55.0
228.0
108.0
160.0
199.0
100.0
77.0
75.0
180.0
143.0
179.0
190.0
223.0
60.0
89.0
272.0
123.0
19.0
169.0
109.0
440.0
85.0
299.0
65.0
29.0
90.0
149.0
250.0
169.0
313.0
185.0
20.0
205.0
174.0
175.0
170.0
-11.0
294.0
84.0
274.0
115.0
66.0
288.0
74.0
186.0
55.0
164.0
248.0
395.0
279.0
79.0
94.0
185.0
160.0
302.0
98.0
205.0
420.0
165.0
189.0
168.0
120.0
43.0
99.0
70.0
115.0
90.0
55.0
169.0
320.0
52.0
135.0
50.0
60.0
297.0
90.0
40.0
179.0
65.0
74.0
204.0
190.0
90.0
49.0
74.0
105.0
64.0
85.0
175.0
179.0
39.0
185.0
163.0
179.0
164.0
70.0
84.0
74.0
63.0
45.0
467.0
158.0
18.0
184.0
160.0
75.0
377.0
179.0
252.0
70.0
158.0
-175.0
74.0
94.0
74.0
192.0
78.0
269.0
265.0
369.0
268.0
82.0
85.0
170.0
80.0
25.0
68.0
40.0
165.0
189.0
234.0
155.0
145.0
174.0
170.0
160.0
174.0
189.0
190.0
139.0
43.0
130.0
64.0
65.0
70.0
229.0
79.0
94.0
74.0
190.0
134.0
175.0
270.0
274.0
90.0
60.0
34.0
260.0
202.0
160.0
94.0
155.0
290.0
170.0
110.0
63.0
151.0
65.0
18.0
75.0
173.0
95.0
73.0
173.0
109.0
29.0
259.0
70.0
164.0
40.0
129.0
80.0
65.0
34.0
90.0
43.0
80.0
58.0
160.0
128.0
45.0
50.0
70.0
59.0
265.0
80.0
64.0
50.0
79.0
65.0
60.0
60.0
180.0
160.0
169.0
69.0
93.0
40.0
75.0
155.0
157.0
179.0
44.0
250.0
55.0
175.0
150.0
30.0
70.0
115.0
75.0
300.0
140.0
40.0
195.0
83.0
143.0
160.0
41.0
160.0
42.0
104.0
85.0
95.0
60.0
244.0
70.0
145.0
143.0
95.0
38.0
198.0
80.0
62.0
55.0
65.0
39.0
69.0
45.0
80.0
170.0
85.0
195.0
70.0
75.0
50.0
89.0
80.0
18.0
43.0
143.0
170.0
74.0
94.0
73.0
45.0
190.0
50.0
65.0
79.0
70.0
80.0
77.0
65.0
73.0
259.0
95.0
40.0
174.0
160.0
58.0
88.0
155.0
103.0
80.0
180.0
90.0
249.0
93.0
30.0
254.0
72.0
60.0
183.0
79.0
153.0
205.0
56.0
105.0
174.0
85.0
180.0
163.0
54.0
170.0
154.0
40.0
144.0
75.0
75.0
329.0
55.0
260.0
100.0
115.0
70.0
170.0
50.0
70.0
40.0
36.0
68.0
168.0
269.0
55.0
160.0
78.0
168.0
54.0
53.0
95.0
49.0
84.0
59.0
65.0
79.0
149.0
90.0
75.0
54.0
83.0
74.0
158.0
295.0
85.0
65.0
105.0
50.0
153.0
269.0
179.0
48.0
65.0
45.0
80.0
82.0
69.0
74.0
210.0
59.0
42.0
31.0
34.0
39.0
64.0
75.0
22.0
95.0
40.0
100.0
59.0
90.0
35.0
65.0
84.0
95.0
60.0
78.0
169.0
185.0
82.0
30.0
150.0
179.0
164.0
245.0
53.0
235.0
44.0
87.0
90.0
104.0
40.0
208.0
71.0
172.0
165.0
119.0
140.0
139.0
84.0
180.0
40.0
270.0
90.0
80.0
64.0
138.0
112.0
144.0
210.0
234.0
150.0
89.0
21.0
40.0
99.0
183.0
50.0
75.0
100.0
165.0
65.0
69.0
84.0
75.0
33.0
144.0
95.0
70.0
150.0
50.0
45.0
305.0
65.0
160.0
85.0
66.0
195.0
164.0
55.0
184.0
41.0
55.0
134.0
130.0
150.0
60.0
24.0
148.0
105.0
70.0
83.0
93.0
110.0
134.0
24.0
79.0
85.0
64.0
57.0
174.0
40.0
250.0
169.0
140.0
85.0
265.0
70.0
65.0
65.0
153.0
40.0
154.0
69.0
69.0
64.0
175.0
74.0
139.0
65.0
60.0
103.0
153.0
55.0
55.0
89.0
83.0
180.0
78.0
50.0
158.0
90.0
49.0
44.0
68.0
44.0
85.0
65.0
80.0
75.0
190.0
260.0
159.0
179.0
75.0
138.0
60.0
180.0
164.0
165.0
72.0
60.0
100.0
140.0
80.0
145.0
174.0
165.0
34.0
170.0
145.0
55.0
63.0
174.0
54.0
110.0
85.0
32.0
254.0
74.0
120.0
55.0
75.0
89.0
135.0
164.0
105.0
154.0
88.0
150.0
75.0
280.0
69.0
80.0
63.0
48.0
85.0
98.0
85.0
155.0
69.0
179.0
139.0
64.0
83.0
134.0
60.0
55.0
90.0
140.0
258.0
85.0
75.0
60.0
170.0
89.0
170.0
85.0
190.0
68.0
103.0
145.0
180.0
99.0
80.0
155.0
180.0
199.0
110.0
169.0
74.0
166.0
160.0
190.0
45.0
167.0
155.0
155.0
56.0
100.0
20.0
135.0
75.0
280.0
70.0
200.0
89.0
125.0
63.0
68.0
295.0
100.0
64.0
175.0
144.0
76.0
64.0
96.0
32.0
138.0
169.0
179.0
164.0
94.0
41.0
65.0
70.0
135.0
59.0
164.0
50.0
45.0
132.0
68.0
24.0
175.0
86.0
173.0
159.0
14.0
175.0
179.0
199.0
184.0
213.0
65.0
225.0
55.0
75.0
64.0
35.0
45.0
133.0
60.0
140.0
165.0
169.0
84.0
175.0
79.0
44.0
80.0
80.0
43.0
110.0
100.0
150.0
70.0
55.0
84.0
69.0
70.0
75.0
239.0
70.0
145.0
179.0
95.0
230.0
74.0
65.0
75.0
243.0
73.0
43.0
170.0
168.0
53.0
63.0
185.0
44.0
90.0
37.0
134.0
195.0
135.0
340.0
84.0
69.0
59.0
245.0
70.0
65.0
60.0
75.0
170.0
60.0
124.0
59.0
74.0
195.0
67.0
70.0
89.0
180.0
145.0
70.0
156.0
85.0
78.0
95.0
30.0
102.0
75.0
65.0
170.0
43.0
80.0
19.0
239.0
174.0
66.0
49.0
90.0
160.0
65.0
40.0
55.0
285.0
63.0
54.0
70.0
143.0
75.0
175.0
64.0
79.0
50.0
29.0
140.0
190.0
145.0
99.0
285.0
70.0
156.0
260.0
55.0
110.0
48.0
39.0
60.0
58.0
79.0
34.0
199.0
99.0
165.0
73.0
100.0
200.0
169.0
60.0
158.0
55.0
150.0
110.0
150.0
160.0
84.0
85.0
174.0
69.0
240.0
60.0
163.0
94.0
100.0
35.0
85.0
185.0
183.0
76.0
65.0
117.0
99.0
79.0
5.0
79.0
60.0
164.0
74.0
280.0
190.0
120.0
65.0
169.0
65.0
130.0
78.0
259.0
185.0
98.0
165.0
60.0
165.0
60.0
163.0
105.0
83.0
247.0
75.0
64.0
75.0
233.0
60.0
158.0
124.0
45.0
60.0
100.0
50.0
100.0
85.0
75.0
44.0
63.0
171.0
40.0
63.0
170.0
54.0
58.0
110.0
63.0
118.0
95.0
84.0
75.0
295.0
75.0
63.0
200.0
104.0
75.0
59.0
-4.0
110.0
170.0
80.0
120.0
120.0
64.0
173.0
40.0
90.0
155.0
70.0
90.0
205.0
79.0
85.0
35.0
160.0
124.0
55.0
131.0
50.0
172.0
130.0
187.0
90.0
140.0
154.0
70.0
45.0
68.0
95.0
80.0
75.0
55.0
120.0
68.0
75.0
45.0
155.0
170.0
54.0
40.0
190.0
90.0
249.0
84.0
178.0
18.0
45.0
150.0
65.0
83.0
180.0
45.0
200.0
75.0
160.0
95.0
260.0
80.0
93.0
88.0
130.0
88.0
74.0
149.0
34.0
79.0
80.0
175.0
38.0
