-171.0
-169.0
-250.0
-167.0
-191.0
-187.0
-226.0
-301.0
-286.0
-125.0
-153.0
-157.0
-151.0
-141.0
-242.0
-239.0
-237.0
-118.0
-260.0
-52.0
-156.0
-153.0
-71.0
-193.0
-57.0
-361.0
-186.0
-201.0
-86.0
-461.0
-301.0
-135.0
-261.0
-177.0
-384.0
-182.0
-131.0
-96.0
-216.0
-222.0
-445.0
-196.0
-216.0
-191.0
-416.0
-157.0
-287.0
-71.0
-161.0
-135.0
-66.0
-123.0
-242.0
-217.0
-167.0
-317.0
-147.0
-128.0
-156.0
-312.0
-27.0
-182.0
-170.0
-131.0
-111.0
-42.0
-97.0
-118.0
-224.0
-122.0
-172.0
-201.0
-60.0
-445.0
-232.0
-41.0
-138.0
-48.0
-52.0
-204.0
-72.0
-261.0
-82.0
-261.0
-252.0
-216.0
133.0
-258.0
23.0
-131.0
-193.0
-46.0
-87.0
-232.0
-153.0
-104.0
-57.0
-109.0
-101.0
-67.0
-27.0
25.0
-3.0
-230.0
-55.0
-55.0
-57.0
-237.0
-211.0
-20.0
-60.0
-91.0
-75.0
54.0
-47.0
-204.0
62.0
-17.0
-233.0
-128.0
74.0
-134.0
-173.0
-141.0
-142.0
-45.0
-36.0
-131.0
-7.0
-125.0
-9.0
-125.0
-21.0
-44.0
-100.0
-311.0
29.0
22.0
17.0
-109.0
-16.0
-72.0
-426.0
81.0
-109.0
-9.0
-33.0
-286.0
-173.0
20.0
-222.0
-72.0
-152.0
-48.0
-86.0
-8.0
-260.0
-49.0
81.0
-7.0
107.0
-171.0
-192.0
-64.0
-75.0
113.0
15.0
13.0
-111.0
-71.0
-63.0
-22.0
-34.0
29.0
-30.0
-42.0
-24.0
17.0
33.0
1.0
-101.0
-89.0
-241.0
-42.0
81.0
-70.0
59.0
18.0
-135.0
24.0
23.0
33.0
-208.0
52.0
97.0
-55.0
115.0
-20.0
-90.0
-52.0
-3.0
-84.0
-68.0
-67.0
51.0
72.0
134.0
28.0
186.0
17.0
27.0
-10.0
8.0
15.0
22.0
207.0
3.0
9.0
20.0
-219.0
76.0
-58.0
92.0
2.0
-137.0
124.0
143.0
137.0
90.0
64.0
116.0
52.0
5.0
249.0
158.0
-289.0
56.0
-8.0
-20.0
242.0
22.0
3.0
39.0
-47.0
28.0
233.0
2.0
55.0
109.0
40.0
-8.0
275.0
113.0
29.0
51.0
139.0
87.0
53.0
134.0
-50.0
19.0
65.0
87.0
171.0
62.0
-59.0
119.0
230.0
47.0
115.0
-67.0
88.0
18.0
-8.0
38.0
177.0
64.0
207.0
328.0
192.0
19.0
109.0
-77.0
-43.0
199.0
75.0
189.0
94.0
78.0
78.0
139.0
134.0
7.0
-25.0
107.0
217.0
199.0
58.0
291.0
182.0
375.0
20.0
165.0
141.0
75.0
53.0
28.0
183.0
189.0
43.0
203.0
182.0
130.0
120.0
65.0
196.0
50.0
147.0
110.0
57.0
59.0
19.0
107.0
46.0
237.0
379.0
393.0
43.0
133.0
299.0
405.0
83.0
51.0
322.0
167.0
265.0
194.0
37.0
170.0
343.0
277.0
45.0
162.0
125.0
183.0
-54.0
288.0
80.0
129.0
174.0
145.0
213.0
189.0
103.0
147.0
147.0
137.0
266.0
180.0
280.0
210.0
192.0
81.0
168.0
129.0
88.0
180.0
38.0
273.0
171.0
181.0
-34.0
120.0
5.0
110.0
205.0
227.0
96.0
12.0
74.0
172.0
43.0
381.0
56.0
184.0
189.0
158.0
184.0
12.0
274.0
42.0
197.0
94.0
183.0
73.0
42.0
258.0
105.0
203.0
55.0
58.0
77.0
133.0
157.0
224.0
170.0
247.0
58.0
185.0
245.0
57.0
103.0
293.0
98.0
283.0
145.0
195.0
302.0
15.0
102.0
290.0
52.0
153.0
128.0
83.0
84.0
165.0
440.0
83.0
171.0
8.0
396.0
83.0
184.0
269.0
291.0
195.0
154.0
-6.0
98.0
201.0
168.0
471.0
39.0
263.0
198.0
60.0
175.0
145.0
180.0
95.0
168.0
259.0
184.0
13.0
309.0
60.0
-51.0
161.0
374.0
110.0
169.0
149.0
290.0
104.0
-5.0
340.0
124.0
204.0
73.0
324.0
-17.0
167.0
125.0
90.0
360.0
75.0
184.0
7.0
24.0
159.0
36.0
197.0
124.0
238.0
67.0
70.0
117.0
90.0
260.0
184.0
385.0
184.0
40.0
169.0
199.0
188.0
53.0
92.0
115.0
152.0
15.0
288.0
172.0
55.0
-4.0
325.0
264.0
174.0
125.0
293.0
190.0
83.0
178.0
58.0
85.0
117.0
168.0
284.0
160.0
57.0
208.0
154.0
163.0
189.0
62.0
83.0
305.0
100.0
304.0
179.0
99.0
98.0
69.0
230.0
234.0
60.0
183.0
208.0
159.0
185.0
179.0
189.0
68.0
24.0
68.0
268.0
483.0
275.0
144.0
73.0
169.0
89.0
200.0
111.0
319.0
245.0
75.0
83.0
110.0
150.0
99.0
44.0
64.0
173.0
325.0
44.0
279.0
273.0
80.0
399.0
376.0
534.0
224.0
179.0
72.0
78.0
54.0
72.0
97.0
49.0
162.0
182.0
189.0
165.0
140.0
68.0
175.0
356.0
53.0
404.0
100.0
229.0
195.0
89.0
80.0
153.0
189.0
69.0
52.0
44.0
67.0
179.0
345.0
171.0
184.0
13.0
44.0
94.0
60.0
279.0
61.0
395.0
83.0
214.0
284.0
294.0
210.0
77.0
168.0
140.0
89.0
320.0
191.0
105.0
39.0
195.0
201.0
170.0
30.0
100.0
74.0
93.0
410.0
164.0
133.0
179.0
367.0
378.0
52.0
134.0
209.0
135.0
110.0
163.0
259.0
270.0
170.0
130.0
64.0
153.0
65.0
279.0
62.0
168.0
190.0
295.0
51.0
166.0
389.0
279.0
183.0
30.0
169.0
219.0
295.0
149.0
300.0
174.0
275.0
410.0
278.0
67.0
51.0
119.0
240.0
104.0
43.0
180.0
284.0
274.0
299.0
199.0
589.0
78.0
212.0
187.0
32.0
380.0
150.0
148.0
158.0
68.0
154.0
144.0
235.0
121.0
84.0
197.0
100.0
43.0
233.0
395.0
114.0
64.0
69.0
155.0
288.0
190.0
269.0
72.0
44.0
180.0
78.0
75.0
191.0
275.0
46.0
150.0
100.0
90.0
135.0
110.0
85.0
174.0
60.0
38.0
90.0
182.0
168.0
175.0
80.0
44.0
285.0
90.0
178.0
169.0
159.0
173.0
57.0
142.0
133.0
79.0
65.0
33.0
185.0
100.0
184.0
70.0
44.0
63.0
80.0
199.0
263.0
290.0
170.0
195.0
200.0
374.0
193.0
290.0
85.0
164.0
205.0
114.0
210.0
54.0
144.0
55.0
60.0
170.0
74.0
110.0
175.0
204.0
149.0
175.0
160.0
136.0
69.0
73.0
65.0
264.0
100.0
155.0
213.0
255.0
45.0
94.0
155.0
70.0
64.0
80.0
87.0
65.0
172.0
85.0
43.0
255.0
54.0
95.0
141.0
53.0
99.0
79.0
55.0
60.0
195.0
68.0
58.0
65.0
55.0
149.0
79.0
55.0
85.0
74.0
165.0
45.0
225.0
85.0
185.0
80.0
34.0
137.0
107.0
45.0
33.0
285.0
59.0
55.0
35.0
65.0
48.0
113.0
57.0
140.0
169.0
90.0
195.0
55.0
38.0
170.0
59.0
40.0
85.0
61.0
32.0
85.0
159.0
50.0
184.0
59.0
46.0
91.0
70.0
80.0
80.0
44.0
69.0
166.0
74.0
64.0
159.0
94.0
60.0
54.0
140.0
259.0
158.0
160.0
64.0
130.0
180.0
57.0
59.0
77.0
89.0
75.0
64.0
125.0
105.0
50.0
119.0
48.0
40.0
160.0
44.0
147.0
169.0
154.0
49.0
238.0
52.0
50.0
29.0
138.0
54.0
75.0
110.0
65.0
75.0
35.0
174.0
145.0
169.0
95.0
85.0
100.0
155.0
92.0
75.0
84.0
139.0
164.0
59.0
73.0
92.0
50.0
274.0
150.0
74.0
54.0
75.0
74.0
254.0
50.0
180.0
50.0
84.0
52.0
52.0
169.0
90.0
44.0
93.0
99.0
125.0
68.0
80.0
140.0
198.0
79.0
155.0
60.0
74.0
95.0
80.0
60.0
54.0
83.0
95.0
98.0
143.0
84.0
89.0
89.0
173.0
194.0
115.0
74.0
144.0
60.0
175.0
65.0
94.0
80.0
69.0
90.0
180.0
60.0
69.0
49.0
103.0
59.0
99.0
144.0
88.0
120.0
63.0
109.0
55.0
180.0
140.0
85.0
85.0
139.0
265.0
151.0
14.0
255.0
48.0
70.0
35.0
59.0
50.0
60.0
89.0
18.0
125.0
90.0
75.0
185.0
140.0
155.0
85.0
75.0
184.0
99.0
175.0
53.0
158.0
80.0
75.0
154.0
115.0
75.0
74.0
134.0
94.0
55.0
59.0
273.0
89.0
80.0
197.0
48.0
44.0
174.0
110.0
160.0
80.0
255.0
130.0
124.0
148.0
68.0
50.0
158.0
51.0
159.0
55.0
81.0
169.0
174.0
265.0
59.0
69.0
55.0
67.0
34.0
193.0
54.0
178.0
65.0
52.0
79.0
180.0
89.0
64.0
165.0
155.0
172.0
174.0
59.0
140.0
40.0
274.0
53.0
70.0
94.0
144.0
145.0
65.0
74.0
85.0
65.0
160.0
80.0
95.0
40.0
188.0
43.0
270.0
180.0
70.0
80.0
138.0
50.0
139.0
75.0
38.0
164.0
49.0
54.0
64.0
50.0
122.0
90.0
190.0
78.0
79.0
135.0
140.0
80.0
139.0
139.0
114.0
165.0
72.0
80.0
104.0
79.0
93.0
69.0
199.0
197.0
193.0
165.0
279.0
125.0
185.0
85.0
130.0
45.0
193.0
193.0
244.0
38.0
217.0
75.0
59.0
135.0
198.0
115.0
73.0
69.0
50.0
169.0
64.0
137.0
148.0
117.0
165.0
119.0
80.0
90.0
90.0
95.0
70.0
195.0
85.0
59.0
229.0
190.0
135.0
74.0
199.0
53.0
67.0
69.0
70.0
54.0
138.0
159.0
75.0
145.0
80.0
53.0
124.0
68.0
160.0
64.0
4.0
59.0
84.0
190.0
41.0
77.0
60.0
115.0
159.0
160.0
115.0
149.0
195.0
26.0
139.0
99.0
80.0
83.0
51.0
80.0
63.0
144.0
150.0
79.0
60.0
80.0
49.0
55.0
170.0
80.0
158.0
180.0
40.0
250.0
55.0
125.0
85.0
74.0
205.0
109.0
62.0
180.0
289.0
53.0
54.0
145.0
50.0
20.0
280.0
40.0
55.0
59.0
119.0
64.0
55.0
175.0
39.0
165.0
35.0
65.0
233.0
100.0
165.0
80.0
35.0
60.0
65.0
75.0
80.0
75.0
52.0
49.0
165.0
280.0
35.0
159.0
270.0
75.0
74.0
147.0
65.0
34.0
95.0
155.0
55.0
53.0
74.0
175.0
128.0
175.0
151.0
130.0
154.0
189.0
265.0
104.0
185.0
170.0
65.0
199.0
72.0
179.0
86.0
140.0
70.0
74.0
50.0
155.0
55.0
45.0
55.0
250.0
45.0
164.0
83.0
68.0
169.0
160.0
78.0
50.0
85.0
50.0
43.0
183.0
108.0
74.0
60.0
110.0
159.0
60.0
110.0
54.0
80.0
41.0
94.0
84.0
69.0
45.0
195.0
70.0
109.0
94.0
168.0
69.0
108.0
27.0
129.0
160.0
104.0
58.0
125.0
70.0
180.0
74.0
175.0
105.0
44.0
79.0
60.0
162.0
28.0
105.0
105.0
50.0
114.0
125.0
170.0
40.0
150.0
155.0
165.0
74.0
173.0
80.0
115.0
75.0
60.0
95.0
64.0
79.0
90.0
40.0
60.0
68.0
203.0
67.0
35.0
144.0
105.0
49.0
245.0
90.0
178.0
78.0
125.0
83.0
49.0
200.0
34.0
70.0
80.0
185.0
84.0
210.0
147.0
110.0
63.0
60.0
139.0
179.0
264.0
144.0
84.0
64.0
181.0
18.0
230.0
109.0
75.0
74.0
100.0
220.0
33.0
80.0
59.0
63.0
219.0
140.0
179.0
90.0
85.0
49.0
50.0
70.0
40.0
145.0
55.0
60.0
55.0
74.0
170.0
130.0
186.0
75.0
55.0
57.0
269.0
74.0
140.0
155.0
153.0
200.0
58.0
55.0
90.0
54.0
64.0
125.0
102.0
69.0
64.0
49.0
55.0
69.0
105.0
175.0
35.0
70.0
60.0
160.0
57.0
104.0
53.0
69.0
90.0
239.0
100.0
180.0
90.0
160.0
57.0
60.0
205.0
238.0
55.0
85.0
170.0
40.0
45.0
170.0
140.0
140.0
115.0
95.0
40.0
70.0
78.0
70.0
165.0
60.0
89.0
82.0
193.0
75.0
169.0
110.0
54.0
270.0
55.0
54.0
80.0
194.0
59.0
274.0
35.0
165.0
140.0
170.0
70.0
30.0
85.0
174.0
60.0
59.0
135.0
154.0
154.0
340.0
75.0
155.0
100.0
161.0
162.0
14.0
65.0
48.0
65.0
168.0
100.0
245.0
115.0
78.0
185.0
99.0
61.0
75.0
70.0
60.0
99.0
68.0
60.0
54.0
130.0
90.0
175.0
190.0
169.0
170.0
158.0
258.0
136.0
68.0
199.0
49.0
109.0
60.0
55.0
75.0
59.0
205.0
184.0
30.0
170.0
70.0
393.0
