-376.0
-237.0
-209.0
-273.0
-276.0
-172.0
-217.0
-51.0
-123.0
-126.0
-291.0
-229.0
-397.0
-11.0
-148.0
-73.0
-66.0
-73.0
-145.0
-79.0
-181.0
-80.0
-284.0
-131.0
-32.0
-23.0
-67.0
-82.0
210.0
93.0
-3.0
-53.0
9.0
5.0
125.0
60.0
-3.0
-213.0
42.0
87.0
47.0
28.0
218.0
-67.0
34.0
5.0
159.0
41.0
69.0
4.0
154.0
152.0
139.0
50.0
15.0
5.0
9.0
62.0
64.0
54.0
55.0
71.0
204.0
61.0
66.0
-7.0
12.0
156.0
65.0
46.0
346.0
49.0
312.0
33.0
18.0
-19.0
53.0
145.0
74.0
180.0
-16.0
127.0
20.0
-27.0
104.0
164.0
-57.0
165.0
37.0
-46.0
72.0
80.0
169.0
73.0
154.0
254.0
69.0
214.0
25.0
-6.0
14.0
170.0
202.0
194.0
130.0
43.0
43.0
12.0
99.0
59.0
40.0
10.0
155.0
102.0
128.0
29.0
109.0
53.0
203.0
52.0
214.0
145.0
268.0
43.0
299.0
3.0
69.0
394.0
62.0
83.0
89.0
24.0
-12.0
268.0
164.0
84.0
118.0
-18.0
187.0
342.0
34.0
-32.0
145.0
-6.0
58.0
132.0
188.0
213.0
195.0
153.0
189.0
204.0
255.0
105.0
5.0
85.0
192.0
357.0
-17.0
158.0
154.0
378.0
139.0
139.0
106.0
79.0
137.0
38.0
227.0
209.0
84.0
39.0
192.0
122.0
-6.0
292.0
29.0
20.0
184.0
305.0
2.0
114.0
87.0
293.0
-44.0
273.0
141.0
5.0
350.0
69.0
141.0
139.0
230.0
20.0
207.0
4.0
58.0
115.0
93.0
117.0
286.0
267.0
162.0
389.0
40.0
-71.0
283.0
70.0
14.0
219.0
209.0
41.0
16.0
153.0
136.0
225.0
-20.0
209.0
45.0
194.0
130.0
-13.0
73.0
95.0
38.0
158.0
-20.0
15.0
366.0
249.0
105.0
51.0
42.0
53.0
-71.0
47.0
170.0
165.0
265.0
173.0
100.0
74.0
39.0
108.0
50.0
294.0
124.0
343.0
99.0
65.0
174.0
191.0
314.0
169.0
22.0
242.0
207.0
315.0
325.0
62.0
150.0
300.0
77.0
187.0
359.0
98.0
-104.0
274.0
144.0
256.0
274.0
199.0
150.0
185.0
184.0
184.0
150.0
264.0
94.0
75.0
99.0
168.0
188.0
283.0
148.0
57.0
299.0
189.0
38.0
190.0
183.0
29.0
188.0
73.0
118.0
218.0
99.0
244.0
210.0
-75.0
99.0
152.0
173.0
100.0
219.0
164.0
104.0
79.0
173.0
222.0
375.0
159.0
200.0
-18.0
190.0
-73.0
218.0
44.0
2.0
153.0
302.0
68.0
70.0
93.0
83.0
182.0
94.0
271.0
21.0
71.0
49.0
174.0
65.0
185.0
129.0
-51.0
286.0
19.0
249.0
285.0
281.0
267.0
280.0
50.0
131.0
85.0
178.0
53.0
278.0
-61.0
159.0
79.0
85.0
245.0
66.0
73.0
36.0
135.0
-2.0
301.0
74.0
59.0
278.0
80.0
52.0
52.0
22.0
115.0
188.0
221.0
64.0
75.0
31.0
139.0
151.0
350.0
214.0
84.0
8.0
149.0
101.0
274.0
379.0
179.0
158.0
86.0
173.0
369.0
223.0
168.0
23.0
260.0
273.0
94.0
249.0
78.0
39.0
64.0
50.0
21.0
169.0
85.0
109.0
89.0
228.0
220.0
188.0
169.0
62.0
213.0
-41.0
162.0
30.0
283.0
152.0
103.0
195.0
188.0
54.0
320.0
230.0
155.0
0.0
25.0
-45.0
237.0
69.0
189.0
174.0
93.0
107.0
85.0
88.0
110.0
200.0
143.0
313.0
290.0
327.0
149.0
254.0
220.0
184.0
59.0
190.0
183.0
190.0
134.0
85.0
99.0
324.0
191.0
66.0
100.0
194.0
255.0
94.0
80.0
129.0
137.0
166.0
61.0
308.0
93.0
-6.0
94.0
298.0
46.0
274.0
143.0
23.0
68.0
119.0
64.0
143.0
280.0
218.0
163.0
53.0
224.0
134.0
182.0
155.0
74.0
68.0
184.0
178.0
195.0
79.0
60.0
76.0
44.0
104.0
123.0
332.0
309.0
55.0
79.0
285.0
48.0
260.0
147.0
169.0
99.0
70.0
157.0
88.0
49.0
88.0
260.0
205.0
137.0
143.0
69.0
125.0
33.0
140.0
128.0
95.0
51.0
25.0
148.0
55.0
57.0
107.0
30.0
198.0
160.0
215.0
39.0
280.0
215.0
309.0
193.0
204.0
89.0
298.0
51.0
170.0
324.0
144.0
173.0
388.0
120.0
176.0
48.0
317.0
34.0
73.0
265.0
309.0
152.0
49.0
68.0
319.0
130.0
184.0
85.0
407.0
139.0
103.0
180.0
44.0
15.0
104.0
172.0
135.0
190.0
178.0
93.0
97.0
84.0
108.0
58.0
90.0
284.0
18.0
167.0
155.0
164.0
14.0
350.0
305.0
205.0
197.0
153.0
89.0
35.0
66.0
279.0
259.0
49.0
394.0
95.0
77.0
190.0
84.0
170.0
194.0
190.0
23.0
45.0
335.0
19.0
274.0
155.0
298.0
344.0
155.0
70.0
329.0
289.0
374.0
319.0
128.0
200.0
43.0
139.0
299.0
144.0
185.0
184.0
89.0
154.0
63.0
120.0
150.0
415.0
175.0
169.0
100.0
275.0
297.0
533.0
78.0
283.0
185.0
64.0
74.0
195.0
165.0
160.0
200.0
95.0
75.0
84.0
189.0
170.0
90.0
220.0
170.0
90.0
168.0
195.0
62.0
162.0
186.0
135.0
184.0
89.0
140.0
203.0
190.0
385.0
144.0
105.0
324.0
164.0
65.0
48.0
184.0
195.0
140.0
382.0
180.0
75.0
195.0
145.0
255.0
81.0
70.0
32.0
174.0
74.0
370.0
95.0
49.0
175.0
124.0
274.0
183.0
30.0
64.0
105.0
183.0
79.0
205.0
74.0
94.0
164.0
84.0
59.0
173.0
169.0
170.0
170.0
90.0
44.0
193.0
79.0
59.0
85.0
190.0
193.0
93.0
75.0
58.0
280.0
165.0
190.0
260.0
283.0
189.0
77.0
90.0
57.0
289.0
180.0
75.0
138.0
155.0
75.0
75.0
155.0
162.0
160.0
75.0
45.0
223.0
63.0
95.0
104.0
75.0
88.0
67.0
175.0
164.0
145.0
119.0
175.0
189.0
79.0
69.0
245.0
85.0
110.0
50.0
45.0
160.0
68.0
105.0
170.0
119.0
70.0
182.0
65.0
140.0
34.0
74.0
93.0
74.0
55.0
160.0
54.0
110.0
69.0
73.0
50.0
50.0
69.0
110.0
50.0
119.0
53.0
163.0
58.0
94.0
159.0
80.0
164.0
68.0
68.0
74.0
184.0
75.0
44.0
154.0
245.0
57.0
140.0
70.0
90.0
70.0
45.0
270.0
64.0
79.0
50.0
150.0
129.0
95.0
203.0
69.0
69.0
155.0
11.0
155.0
84.0
54.0
60.0
72.0
55.0
75.0
59.0
95.0
40.0
50.0
70.0
100.0
60.0
78.0
230.0
102.0
199.0
90.0
25.0
49.0
75.0
105.0
144.0
115.0
230.0
188.0
154.0
225.0
45.0
65.0
99.0
185.0
244.0
74.0
130.0
70.0
80.0
200.0
174.0
60.0
70.0
290.0
59.0
180.0
179.0
85.0
170.0
38.0
360.0
74.0
185.0
60.0
120.0
168.0
99.0
39.0
54.0
214.0
150.0
80.0
53.0
185.0
234.0
142.0
125.0
60.0
75.0
154.0
59.0
65.0
265.0
264.0
70.0
60.0
73.0
170.0
59.0
54.0
61.0
269.0
48.0
164.0
115.0
44.0
157.0
159.0
168.0
165.0
259.0
169.0
60.0
114.0
195.0
165.0
74.0
60.0
166.0
75.0
45.0
84.0
30.0
54.0
65.0
174.0
35.0
80.0
119.0
85.0
234.0
90.0
173.0
57.0
77.0
99.0
50.0
75.0
158.0
149.0
155.0
60.0
170.0
79.0
23.0
145.0
169.0
165.0
39.0
193.0
179.0
85.0
99.0
60.0
254.0
74.0
118.0
68.0
154.0
165.0
85.0
80.0
178.0
135.0
275.0
135.0
79.0
65.0
90.0
60.0
269.0
24.0
150.0
164.0
44.0
170.0
55.0
80.0
144.0
99.0
90.0
175.0
100.0
65.0
90.0
68.0
258.0
55.0
98.0
190.0
125.0
95.0
83.0
184.0
78.0
170.0
75.0
55.0
28.0
50.0
85.0
58.0
250.0
84.0
43.0
184.0
153.0
189.0
169.0
73.0
105.0
100.0
103.0
50.0
160.0
169.0
53.0
60.0
45.0
53.0
65.0
159.0
105.0
175.0
170.0
115.0
170.0
64.0
327.0
60.0
263.0
80.0
34.0
189.0
84.0
189.0
180.0
90.0
79.0
55.0
65.0
169.0
115.0
48.0
149.0
54.0
65.0
130.0
169.0
59.0
65.0
30.0
65.0
55.0
195.0
79.0
65.0
138.0
63.0
88.0
85.0
48.0
70.0
45.0
65.0
265.0
162.0
164.0
69.0
129.0
170.0
85.0
155.0
44.0
59.0
209.0
60.0
187.0
120.0
64.0
145.0
64.0
161.0
123.0
85.0
145.0
35.0
44.0
49.0
277.0
155.0
104.0
67.0
75.0
64.0
150.0
145.0
90.0
49.0
58.0
55.0
60.0
60.0
55.0
145.0
143.0
169.0
115.0
75.0
180.0
205.0
85.0
95.0
125.0
188.0
160.0
188.0
260.0
95.0
85.0
135.0
68.0
59.0
360.0
94.0
175.0
57.0
30.0
99.0
65.0
68.0
74.0
95.0
62.0
80.0
183.0
355.0
159.0
153.0
59.0
145.0
45.0
355.0
174.0
144.0
99.0
70.0
45.0
175.0
68.0
155.0
116.0
58.0
49.0
170.0
62.0
79.0
85.0
40.0
150.0
170.0
260.0
63.0
59.0
64.0
100.0
74.0
110.0
154.0
88.0
245.0
49.0
249.0
132.0
70.0
80.0
79.0
64.0
170.0
175.0
93.0
98.0
60.0
165.0
160.0
80.0
189.0
5.0
263.0
70.0
73.0
150.0
73.0
85.0
145.0
75.0
199.0
29.0
80.0
260.0
283.0
130.0
168.0
192.0
155.0
80.0
18.0
165.0
68.0
84.0
75.0
85.0
205.0
65.0
70.0
65.0
55.0
65.0
47.0
69.0
83.0
65.0
94.0
90.0
264.0
55.0
75.0
45.0
82.0
75.0
54.0
175.0
238.0
194.0
58.0
75.0
85.0
189.0
85.0
75.0
59.0
70.0
99.0
85.0
70.0
68.0
184.0
70.0
88.0
136.0
70.0
59.0
285.0
190.0
169.0
54.0
58.0
155.0
70.0
104.0
134.0
80.0
145.0
58.0
93.0
144.0
68.0
210.0
38.0
75.0
184.0
45.0
159.0
79.0
27.0
25.0
54.0
140.0
105.0
89.0
50.0
44.0
130.0
95.0
73.0
69.0
135.0
149.0
168.0
85.0
78.0
134.0
155.0
164.0
69.0
40.0
105.0
64.0
160.0
175.0
85.0
68.0
53.0
54.0
103.0
125.0
167.0
90.0
48.0
74.0
60.0
275.0
55.0
179.0
55.0
60.0
159.0
125.0
49.0
85.0
59.0
85.0
85.0
90.0
28.0
164.0
80.0
98.0
55.0
55.0
54.0
40.0
75.0
239.0
260.0
169.0
210.0
243.0
145.0
164.0
55.0
200.0
75.0
170.0
80.0
69.0
84.0
125.0
95.0
90.0
55.0
75.0
60.0
138.0
29.0
84.0
264.0
154.0
60.0
84.0
154.0
73.0
49.0
145.0
49.0
57.0
155.0
71.0
69.0
60.0
139.0
158.0
49.0
69.0
175.0
138.0
159.0
169.0
139.0
295.0
50.0
35.0
80.0
180.0
52.0
25.0
85.0
210.0
70.0
94.0
165.0
74.0
63.0
40.0
55.0
53.0
58.0
138.0
174.0
70.0
84.0
160.0
160.0
158.0
74.0
279.0
24.0
115.0
175.0
59.0
60.0
98.0
70.0
179.0
59.0
64.0
189.0
80.0
92.0
255.0
270.0
179.0
105.0
35.0
190.0
43.0
34.0
40.0
64.0
95.0
48.0
185.0
75.0
70.0
84.0
78.0
102.0
165.0
134.0
199.0
160.0
140.0
233.0
150.0
62.0
39.0
60.0
160.0
63.0
70.0
169.0
110.0
60.0
210.0
21.0
135.0
90.0
155.0
80.0
170.0
160.0
115.0
165.0
85.0
190.0
34.0
90.0
92.0
169.0
84.0
51.0
115.0
170.0
270.0
95.0
74.0
70.0
164.0
65.0
142.0
209.0
87.0
142.0
55.0
160.0
39.0
