1.7371170088638088
4.2021984525209
3.1362115582346584
75.69307603601227
25.050253371147857
87.32326090411372
18.17255811532249
48.380694178022466
46.121069611661994
84.77720972077188
81.17171309971287
69.03766351086351
86.82955455539779
32.38478039219562
19.836645179420785
84.99032786628287
79.81521314019865
43.788194013530536
45.78038114572972
76.95298857502337
17.056610510541336
17.218653707140987
16.80658971588521
17.015466198888124
17.168600356148175
15.534018278494887
15.64654064984573
15.452748244044832
15.630156994042975
15.538692328395538
83.74510747836815
36.72786571411834
12.505220989987498
99.61908743318983
81.74743173585374
64.80631778721676
32.94934220597118
96.3210723114453
61.836004461169814
93.2856553691483
69.31596014959133
75.7153898166319
51.54770949892742
62.2200928793767
85.92332768943088
26.298242730978995
0.8965001895316127
7.398177947591367
84.3734096861139
51.343364012758855
-9.570914802037052
-0.5363025038060549
-0.8544083104471468
-0.41166339281438824
-0.43670782193368085
-10.407241647660276
-1.7572845386884606
-2.5752233306873356
-1.124192753331367
-2.377661456777536
45.213422948075866
28.468055037775052
23.725893895466367
28.25695062920185
30.496092842128363
37.889742140974114
48.007334314857886
29.30228309399874
51.566152739446416
66.51875217881775
36.67979314155283
98.48863009412632
72.39688082249539
3.1966049308450817
31.318560179921175
67.91648336444163
27.828791917709374
32.93366293702113
34.361980071106146
14.07677896802445
12.766151293138437
12.773480189521754
12.80571834634859
12.698593195791291
12.378219017821179
10.27118405353208
10.41037470755832
10.245970737855954
10.449577873820031
10.38257443121761
42.066568890759925
14.758161872593266
60.50419567448778
10.874942005401433
47.095961576300226
42.6912306045653
83.54478102642133
83.79404161075382
99.66886571639438
15.146788604240236
89.17553943531374
34.77912582015947
41.51511174076701
30.177573186319083
55.64007815346548
87.78925234573515
94.63500314097915
32.23083941782031
89.09024553189053
27.22083623849205
-11.560093852885784
-0.026576350595101012
-0.13306761399827757
-0.7268243459760104
-0.4839697846314527
-12.422469018448876
-0.7265607338855856
-0.8637003664998417
-0.8672473614967547
-0.8567423747824217
34.20441595951945
74.34294410267235
77.57934175913913
74.97958750235168
43.86407513092888
93.58210251438479
58.132481823061234
13.066939086566908
22.588521741443003
69.44318204717474
72.43700583640563
10.496582717553727
92.88940753535269
38.70698264220378
52.472863951104166
11.587330319164735
49.28433476593226
0.2299556096866162
13.975804574469919
45.435638586154035
17.083961889763927
17.057889192960662
17.075985061241692
16.879246810237326
16.89982349078629
13.510793278085409
13.402577766778673
13.540567328048446
13.543299984431378
13.484287613775006
68.153309825076
62.76040262014053
85.93816795328023
31.439160156682966
46.6050772108497
8.419045675649695
69.81461534683636
60.90862671106589
26.591526529384634
73.6810680231691
58.48314909204242
10.002323594075635
40.847689879275215
87.98450420578911
38.59812159839847
10.496723146746733
27.00757711069692
93.40979313422424
56.59738523356417
33.39622220304626
-12.585235709573213
-0.1584125395021969
-0.14390442366271125
-0.2409451161019051
-0.27513089423488657
-12.345543990484588
-1.2391563842448636
-0.8058292970446095
-0.7416400566069418
-0.8812838406544736
91.24655993400899
30.83580514109432
31.02649866270033
25.909127976146372
50.6546224413391
23.017420007618917
40.293762679318576
64.16763441157374
75.51813589834231
34.805215535683196
10.46196593930695
99.25151991862137
23.819490729539694
44.41325684795402
44.14670076168052
72.00463822583748
45.911906961306634
95.78001822636304
32.90131011389229
49.20405772199015
18.25462688695001
18.197374731430376
18.32067008222037
18.392984716060585
18.38965775814707
17.688171641836067
17.53263683857129
17.503033175291037
17.441721622794493
17.717669131928233
0.06477365604531382
55.16556897531739
8.273308300862325
88.29540373202867
82.04721367375043
71.59851241701422
64.10193771785607
2.3027895752587013
62.82067162377805
3.6978200715054643
94.46912253104804
62.4518324743757
3.7193801897975276
69.07727218160097
59.739789196427665
1.117059313148172
37.16858573083238
30.997471214847828
18.10226349337576
97.47347181288313
-10.251938641719319
-0.010210633755332097
-0.17255978699198854
-0.025430555356548017
-0.24506260215567605
-11.255772743504732
-0.43422195707798983
-0.6703921396210099
-0.21848401299455278
-0.6825314253225994
61.603144445963395
45.15109897179863
18.603333775913534
60.74225038480948
11.25298168706056
22.831134888222373
51.05863839556212
66.27000192331204
2.098240881138158
8.967857614123853
1.0152644081538709
61.89858918097389
15.185632625675893
28.855358663947307
9.079965265354629
56.19852247437341
27.75409384128018
88.776737328387
66.21555696396634
94.7350476480889
8.8173844263053
8.590896420826706
8.571205040898292
8.614979231809293
8.821416690074177
7.3879408479715885
7.1023682576051534
7.485674650179753
7.389912409185437
7.468879344155066
99.72232648997792
40.2916081699066
48.54155506400555
22.409772266782234
45.5415562778014
66.49908198166848
71.02661607726513
10.188847191259232
60.11624312242107
22.132629668949622
11.098018910357455
28.605399898638318
18.99009849317912
33.11060062403675
64.90071146706285
94.44725283950845
35.754442305362886
41.556856786223406
46.5566754579313
11.999899658307378
-12.419415446056679
-0.2388383240701946
-0.46921361021819724
-0.8617415399351396
-0.3805402157612404
-14.641498980167322
-2.719309214603435
-2.8638323514613755
-2.622684748967206
-2.475253358610295
1.0428734186890165
83.87883462644194
95.7317367057702
51.990021107534055
79.15052800158752
8.701724687884694
73.843605353493
56.30261102955385
1.3250410543809377
27.39345201451535
39.99169933519441
80.07317953112906
63.75853842700434
77.20102142907507
77.76973155045638
82.16134268053897
18.25378802405755
57.681204204066226
22.201958343282946
53.155395527673335
6.291476996812416
6.286606272553212
6.237103523182796
6.25540609152106
6.2924274286754125
3.8540059537776474
3.7504135425243046
3.8306449489735663
3.8207157520338106
3.840073423348842
1.1573506023397018
52.70921495102624
65.36063086739462
13.317288104329418
23.783449856228412
54.714263712211505
6.6189225977212
36.71893726846235
87.01357536053347
2.938839148681649
86.21026878079839
84.09658971066204
71.67679301337515
17.56634699259202
39.506243477128066
10.605828812354135
79.91963686997813
80.40029639636485
30.98208451299136
42.630793121224066
-13.277681911504644
-0.32430292964039237
-0.3061350306013062
-0.30040720401951887
-0.5402168522513634
-12.846909451307473
-2.498365592496916
-1.9334763681809195
-1.8641115903613932
-2.0508375123959537
74.89478913410873
45.63199080499971
98.69778345522785
38.31090811853931
14.698392132132987
0.013328166745774084
26.06033579519247
0.17255577155204094
42.73583718907983
8.779626736058754
22.474396450862123
72.89836771155092
32.51691911495163
78.92427978042042
52.887320438262265
81.58488104488659
30.10316560703522
59.00907619327952
39.17509380820186
66.7340859151742
11.283099210761854
11.30079389110851
11.336966759083984
11.332313259766421
11.32229612362493
6.551214018739913
6.5972310173145905
6.688093850481714
6.58338215600663
6.626820513407092
82.85149729011792
31.313717121353214
97.76261273821414
48.539559426604065
77.37006542683012
59.266602825087034
69.29895904218809
75.40347284146635
40.253452875328364
69.41005468134723
82.20700791669331
0.05090327143837392
59.946749512671495
56.16156596294094
47.29361231785093
80.82457737430954
89.56699479948259
46.50975328625312
70.21332984116894
86.41081900888572
-12.409337568890631
-0.5485212703169368
-0.6845095747127037
-0.3216850767331517
-0.6093163563552527
-13.526803933110772
-2.308691209034066
-1.8151874209073353
-2.21872095340245
-2.0687763306829736
53.41067890609727
33.0872632120553
14.488810835225907
71.54309485668387
7.45187454876759
98.98335037310291
15.405898126056194
37.44705178776599
24.106440478154447
49.913270336059014
9.815953716459692
99.46899464799841
51.971221316217786
86.77142416980074
34.82796062316964
20.983711200231316
40.24437703330551
35.415230166923614
12.391363604854577
97.04031249087818
17.963613188652744
17.962666695588613
18.005370662325298
18.008441078318164
18.000341102306997
15.768641821967035
15.71836623051978
15.641710049907958
15.609131963959843
15.601785009441866
86.358502113368
77.67033631379124
36.58097267527658
1.258310648310712
22.00143168129285
96.65508343592592
27.479106021799314
52.878362245947926
85.65407080872819
49.243052681254404
69.95766249420178
88.05494687833229
19.21700922782178
35.04885606579943
85.51671834003723
99.47405234487225
76.57091673549715
93.68016657915388
51.170061620907425
96.33133858397038
-9.30159800715425
-0.2701622805560597
-0.9488976241459501
-1.4167102828613947
-1.0720313008746494
-9.861109756109874
-2.443935395167997
-3.150963270473345
-1.6927145642502341
-4.29436355829332
5.751216340379617
57.326471293453565
31.897348962489147
39.97207232565577
65.57429514789644
83.14844721302072
96.29496966096552
4.470633279698067
60.05383544120806
83.00704641445694
12.70935585479801
74.10058561729662
39.77356838205582
8.525077281054427
54.195694259825636
5.1665173853549184
22.197595771662215
1.2085092450622503
72.0629653468959
63.411513098474174
8.086962994398966
8.094036988045664
7.942548061579352
8.03754263497902
7.982240852288086
5.692015238598413
5.726626176084923
5.7060683759160105
5.632020934633553
5.690216520714753
19.11948411977359
90.07900788986382
88.43107609194102
69.61085879327385
32.18373322632711
77.34975798074242
18.976856327182023
95.38314952849359
3.641625522801739
44.77946134136571
4.145012336827181
25.991946427792733
55.04141951925451
68.05598377927133
79.75063251855332
9.3022290571113
87.0149049207895
24.816410334759965
31.550221423702453
90.76403559272904
-12.236882690847867
-0.6014885500979561
-0.6714773085301853
-1.1756252881270037
-0.6581858459798986
-15.136458188838034
-2.1377910178064337
-2.910847577730626
-4.0612251695455095
-2.647672033616951
34.07230970397425
9.192374394638103
86.02269802455145
96.2484572256507
98.05403128793841
45.04377285181366
96.27965000311211
74.39148775161931
33.45019894434502
25.34938780342635
89.68409846911489
89.75020474497218
98.54740843316192
54.268373562257864
12.123728585211735
62.271082077547035
45.55226415491306
17.744626278702814
86.71526583538657
21.630678493540913
10.73976849614073
10.65510604540214
10.705372838640674
10.716705130224357
10.700812558803916
7.827797156998596
7.747443090873378
7.887555703286647
7.882587069214916
7.924950496619456
66.9814365085049
56.55881665062471
60.47935100497429
17.790043266606038
53.7843013381263
96.1172283187918
49.71060700413329
84.25371265196921
58.50381858766356
24.868488805644283
18.672604389896698
50.04327320769163
8.439492576231245
29.340577775931244
89.94801897065575
73.05705442891221
56.562454409293636
86.56836915759877
23.500213068652265
65.68780337825562
-11.55644738926984
-0.4397286537092593
-0.5901049548230516
-0.46788609085983285
-0.3818015820166308
-12.144088251453542
-2.4884920820281584
-3.175291813879719
-2.193684808030992
-3.064176534296099
50.22323704553128
91.0640528276434
20.8984967208817
91.12483175751684
4.648713769806312
24.726702599402028
73.02507748772638
28.449326662319695
58.83961233430686
16.040329080674553
29.31060206986188
24.020253548439786
97.28050050760608
79.91772052081483
76.30322209716043
91.70753222448079
25.9924733401824
42.33678342406792
91.22537882966415
17.966162132395556
18.247970688493854
18.156902472762418
18.24586670621624
18.22819391137932
18.25723253405614
14.473179477933465
14.527850622233867
14.362003134192703
14.479209451855674
14.545723626017041
1.4011462643700012
84.58102567180565
80.23148707542256
42.82249396236195
49.38547383637245
31.314608477685468
93.31104413949507
51.549459738479044
26.153300928552625
45.67184959770692
53.04454422609732
88.09709198742539
71.16889750332696
85.83971724338043
69.80986529063884
27.73010668263187
51.052921607142984
88.61740916096899
73.3514416197186
23.81708598312614
-11.869931618630462
-0.21994269181864953
-0.03402850766527898
-0.10999180818527281
-0.1015641806584068
-12.321032056909981
-0.8238791790533675
-1.1879043203650455
-1.2426043225670356
-0.6405633151696599
80.47832164867916
58.02339333237943
79.44735991179134
33.80935749858806
99.50566568879378
89.48768590503954
25.006769557659613
95.63110129702011
46.208841001943135
96.40186908040651
25.118644961019953
28.03516183887774
8.909993179482345
82.7339399339386
99.44105028848365
85.35839726059038
4.637633930457419
2.3899192856632556
35.85234460079826
85.85609108366931
19.997791607545512
20.019942089815615
19.70680750653683
20.02937608100044
19.96958167661068
16.966315067829875
16.859238907362627
17.00741898244662
17.018836200505948
16.918063688203738
97.6645522790001
86.88360676835826
72.48014129644112
71.46557705299792
9.857132831677252
16.918380298429582
29.3160115706416
0.6264789536816195
2.7856611650034724
55.48596736843001
84.78787263345357
96.62159239304101
34.166083960063034
22.773032625729773
13.818050807906513
57.599940747153546
8.261765947923882
25.931559520559976
52.92310772836639
27.806418851062098
-10.418294266147283
-0.27994181133686685
-1.0522661169849319
-0.41212144704649856
-0.42650359075811417
-13.037060909462992
-1.5126878876459402
-1.2970103227909764
-1.2394590434173722
-1.993743098861206
88.50905722703266
69.82567333672671
86.31128039300278
66.23778622063229
27.317827379018734
20.65731949458236
13.56822704691637
67.42984259181343
14.498825231058788
49.34308422120232
64.83321096329792
71.23472988209627
65.88857136103987
16.33805652799376
17.589801937435656
8.262810503087648
52.76471479170578
11.405937543601198
21.41700588302068
31.523376369594725
26.652606841910778
26.676649143582853
26.592584095789032
24.739930773937612
26.665807212843564
24.923017991012212
24.962874136389214
24.914572803695748
24.904814886491142
24.788230934415378
83.67411684764468
31.079027490065226
45.337825045350414
69.10467898791579
46.915330467797865
42.55858799456104
15.526864225234437
67.03439781586422
76.28930384622112
33.285431786455156
29.02285970942313
46.75174638875146
89.97717163130689
53.2119269070918
40.43744498854208
59.0701055451626
12.487102966655216
83.18556121928272
20.176298674409175
74.6472249286248
-11.288207291806554
-0.214125372758057
-0.1321474403408027
-0.0051966227862188605
-0.2367347350796823
-12.725276077887889
-0.08861953564760947
-0.38415650995392914
-1.3729255593383929
-0.6841195697578959
33.4637508434557
4.403573524191085
17.32915678601763
51.94440583473078
85.65960002572538
69.86004925672576
60.32500667309137
10.945701843575783
87.15361370270799
68.52649167047957
40.003811019140066
34.756929864143494
6.555742943553988
1.4493870292482836
48.39089045331373
47.766276996807576
37.138481144691646
5.32366066037373
26.512304099082783
80.68624026993254
19.01569586143947
18.92764873588249
19.01912571695559
18.802833731645226
18.96375104060046
16.21782792905737
16.19482258827172
16.21909170313895
16.195983010886962
15.833035197007204
13.954498835709629
96.02103466691044
88.94079126249422
16.849016930109627
34.65718006253582
75.20763050845973
69.88942201877512
62.55620994324516
73.61213559695825
52.19560964828243
74.19672170796304
85.90485796263977
19.473901756037893
47.35636049941358
96.03037368930761
3.9882646947215217
21.22221988376407
48.295827285514605
71.16455647405334
75.18937460508785
-8.250959364181947
-0.527162726353785
-0.6029921926292303
-0.6493538559836136
-0.35795263831083746
-9.60951159862998
-2.0285929274815766
-1.7406066484500704
-1.3134092937983848
-2.027197838047428
28.55691732786365
29.825442159163885
49.53048158925846
40.46638851303472
43.80714321533268
46.38142563797387
62.12411150524104
66.9472687442382
6.788667084679167
80.62366247769273
38.45097448217878
12.586740870471669
18.048530989527343
14.129970212544174
43.74433901944309
9.746161882723193
42.21133122374668
36.34863686629451
45.22241805362487
31.283113878383773
16.96206360128974
16.96042993245999
16.99413443043295
16.95202805054825
16.96987254998583
13.189032427044243
13.364952190303448
13.124424274091803
13.275093791275532
13.209349844976893
10.499448770569742
60.025004807534685
63.94487688137396
84.21542571564383
93.15971495709528
81.42685468673744
38.922904237141886
69.52665304397854
0.5126736902460016
47.48116413173747
52.78143847676474
78.68165769819942
74.4971287758008
8.664631359890596
21.936479442400582
38.69918660652822
22.646392837344152
56.6493330940679
91.2612839307227
6.411404395306097
-10.447647867662742
-0.4685647222372332
-0.21233760314727929
-0.5942707665189987
-0.5770796326214098
-9.772536332531502
-0.7253527570297146
-1.0073747824539052
-1.679259964830333
-1.8404674194259718
35.98076492206492
74.69495361218385
57.48683192702752
75.34487147706673
46.882886344395416
93.5071442378314
15.865266677096223
29.76511616408558
32.72056853602482
93.26443630392959
10.176274456143497
93.02658587802918
36.27098630982781
35.76082231740338
57.76643875879237
57.0270780631948
28.364507715748154
16.994399048230957
38.301761810872684
76.75958680958969
19.128695238716087
15.591815131480814
18.84309130966633
19.186985131095447
19.13218882564064
15.92613969897613
15.947034209908852
15.847876204397243
15.939241230130335
15.943095321042945
30.930500939554605
75.04038873830922
52.34444689789608
92.85613665473188
4.203194631397067
61.203062302453304
53.255251169659616
73.75620509129064
65.22088857760949
3.8912406051230697
97.39644121310064
5.126025919769928
21.29292906361533
62.36039483210668
6.956103759125232
83.5258438761029
34.013896350545906
29.109297085661858
21.554467193123838
84.6296974834528
-12.06595369324013
-0.19123801937683801
-0.1650284437250578
-0.5146514518778329
-1.0032940959305952
-10.002272693974815
-0.8813471994815327
-0.8635290507820913
-1.1568467480240312
-1.257011251730784
