-0.1145795988152197
-1.0963913523301831E-7
0.0
1.55472544292749
5.524076609788687E-7
0.0
0.5772834280721008
-8.683147179918859E-7
0.0
0.8492462457787601
8.461702009691723E-7
0.0
0.8501047365949834
9.211392602716163E-7
0.0
-0.021652232334826937
-1.1358599639978798E-7
0.0
-0.0688157773929395
-1.402947532641958E-6
0.0
-0.17320080735573398
8.439782754470848E-7
0.0
0.22875818320715602
1.0268454245198064E-6
0.0
-1.2198090758411242
-9.118411579410572E-8
0.0
0.49283095486034934
-5.362175875459398E-7
0.0
0.06942332687842409
1.216654693715725E-7
0.0
0.22955672027033816
-4.535272926238142E-7
0.0
-0.1771008185848193
-5.474590412600131E-7
0.0
0.49477455866299064
-1.1040215131537466E-6
0.0
-0.5684053335868202
9.572918183674644E-7
0.0
0.08291758526274932
-3.387241076790667E-7
0.0
0.09973947558655182
2.3064870394269317E-7
0.0
0.06837295061296955
1.4838546370371769E-6
0.0
-1.0123757401730185
1.886472629845428E-6
0.0
-0.785715140167199
2.6494063806686703E-7
0.0
0.008964810837776496
2.3282496323351745E-7
0.0
-0.1515297981206077
2.746789094441587E-7
0.0
0.9587931099434762
-3.858756767072602E-7
0.0
-0.36851146624684433
1.0806388898432029E-6
0.0
1.2241234836365564
1.1744218170911551E-6
0.0
-0.7694043545891751
9.60733013374453E-7
0.0
0.15937754501446594
1.400745047696707E-6
0.0
0.18244700794819296
1.2361142222863635E-7
0.0
-0.6312087544724592
-1.6065643728555443E-6
0.0
-0.21877289945250963
-3.5382547985670283E-7
0.0
-1.0322926034062363
2.2683442142655854E-7
0.0
-0.7198147103670637
1.4660222553923427E-6
0.0
0.8695764252275849
9.368595647472775E-7
0.0
0.5223993173648172
-7.582130190992316E-7
0.0
-0.14022239626312566
-4.789375643872545E-7
0.0
-0.5363305042534827
7.064889971382104E-7
0.0
-0.02741802488955451
-5.769417454476598E-7
0.0
0.6007856988709412
5.984446760839138E-7
0.0
-0.3791109282105362
-5.647779167440418E-7
0.0
-0.14061013274359913
3.799016700560347E-9
0.0
-0.4818577740532028
-8.903446413127887E-7
0.0
-0.7442038679877402
-1.0941505288592088E-6
0.0
-0.9609291196042862
-5.269229566025286E-7
0.0
-0.22115086884828758
-9.813483941436526E-7
0.0
1.0392773557538242
-4.054720487608825E-7
0.0
-0.5020613427350618
1.0943254448023458E-6
0.0
-1.5973555379411488
-2.5890391482632816E-7
0.0
0.10442870982894897
6.278423538641884E-7
0.0
1.013080864914332
4.963846017340978E-7
0.0
0.25955397368233357
7.640137568479723E-7
0.0
-1.259280684026285
4.502215483217751E-8
0.0
0.9199308187604816
-2.2572585209838752E-7
0.0
-0.7871323200050437
1.1887427581929325E-6
0.0
0.532818961502784
1.3405514186637624E-7
0.0
-0.6817768998015679
1.755138303531872E-7
0.0
1.0407433682939826
-8.172596221189069E-7
0.0
-0.07349111868980061
4.316071874763378E-7
0.0
-0.40747963330684095
-2.722859561006301E-8
0.0
0.21818943378652678
-8.077511332911427E-7
0.0
-0.1559549578881399
-2.9621569778690806E-7
0.0
-0.24784452985151803
1.457532414738471E-6
0.0
0.26643833494251634
8.28627289435881E-7
0.0
1.2027992398684741
8.906156318901273E-7
0.0
-0.695586897079301
-8.938749690500907E-8
0.0
0.08505553651730219
-7.49378259647871E-7
0.0
-0.538418919669859
-4.2161807168828635E-7
0.0
-0.8517373873854566
1.6611417813130865E-7
0.0
-0.5707473578649171
-1.4074438563792418E-6
0.0
0.9014009050561297
4.2611247502967217E-7
0.0
1.0048600273065942
2.8005632814190416E-6
0.0
-0.7492515985693233
4.338961659940014E-7
0.0
1.7207192755738563
-2.0960991700011264E-6
0.0
0.6118235767915826
3.9757179535424213E-7
0.0
0.3534927123733021
1.230712752009405E-6
0.0
0.1440789386697595
2.94331326156635E-7
0.0
0.538928734534875
1.1525692758064864E-7
0.0
-2.1290304700861102
8.779087334477667E-8
0.0
0.1905671157983862
-9.848658105489006E-7
0.0
0.05959546202158061
3.7978598922726554E-8
0.0
0.35112748966749663
-1.0963913523301831E-7
0.0
-0.1905774055387292
5.524076609788687E-7
0.0
-0.37105097288665145
-8.683147179918859E-7
0.0
0.13653135309345063
8.461702009691723E-7
0.0
-0.9499469087374173
9.211392602716163E-7
0.0
0.33515104710369137
-1.1358599639978798E-7
0.0
1.2195362352016477
-1.402947532641958E-6
0.0
0.6082847146335839
8.439782754470848E-7
0.0
0.2816082266414358
1.0268454245198064E-6
0.0
1.1866874920913628
-9.118411579410572E-8
0.0
-0.3571960747323706
-5.362175875459398E-7
0.0
0.12202416374161099
1.216654693715725E-7
0.0
0.36146931699905904
-4.535272926238142E-7
0.0
-0.32119668998695516
-5.474590412600131E-7
0.0
0.3584173939213663
-1.1040215131537466E-6
0.0
0.41196819445184757
9.572918183674644E-7
0.0
0.4322964970233217
-3.387241076790667E-7
0.0
0.5741475485774967
2.3064870394269317E-7
0.0
-0.2818042336908211
1.4838546370371769E-6
0.0
0.6184267134096849
1.886472629845428E-6
0.0
1.0876039159845448
2.6494063806686703E-7
0.0
0.5109506946347719
2.3282496323351745E-7
0.0
1.0879075659066557
2.746789094441587E-7
0.0
-0.6754502825071467
-3.858756767072602E-7
0.0
-0.14909985299825326
1.0806388898432029E-6
0.0
0.4485446724651508
1.1744218170911551E-6
0.0
0.2513255049396345
9.60733013374453E-7
0.0
-0.8583925050369494
1.400745047696707E-6
0.0
0.024346556530054003
1.2361142222863635E-7
0.0
0.9741921215078373
-1.6065643728555443E-6
0.0
-0.8571543664259037
-3.5382547985670283E-7
0.0
-0.36241428009007093
2.2683442142655854E-7
0.0
-0.3631124663548117
1.4660222553923427E-6
0.0
-1.2857461927744784
9.368595647472775E-7
0.0
-0.5313279271768817
-7.582130190992316E-7
0.0
-0.13822006878247736
-4.789375643872545E-7
0.0
-0.02167792073785237
7.064889971382104E-7
0.0
0.6808183795472225
-5.769417454476598E-7
0.0
-0.16046936959668073
5.984446760839138E-7
0.0
0.39264221260130144
-5.647779167440418E-7
0.0
-0.28317361630365173
3.799016700560347E-9
0.0
-0.1485371711308643
-8.903446413127887E-7
0.0
-1.4749822217392619
-1.0941505288592088E-6
0.0
0.7571354638576432
-5.269229566025286E-7
0.0
-0.6140444546621461
-9.813483941436526E-7
0.0
-0.16521547441299597
-4.054720487608825E-7
0.0
0.9202960562528252
1.0943254448023458E-6
0.0
0.1795144338163582
-2.5890391482632816E-7
0.0
1.2770059596944472
6.278423538641884E-7
0.0
-1.2285532118729627
4.963846017340978E-7
0.0
0.40026238491429367
7.640137568479723E-7
0.0
0.3812893542362508
4.502215483217751E-8
0.0
-0.44417328656494237
-2.2572585209838752E-7
0.0
0.6403548342163007
1.1887427581929325E-6
0.0
0.38115031316064346
1.3405514186637624E-7
0.0
0.27959250773941996
1.755138303531872E-7
0.0
-0.026718103305632256
-8.172596221189069E-7
0.0
-0.7624438581359432
4.316071874763378E-7
0.0
1.2946283719483764
-2.722859561006301E-8
0.0
0.43910977899511594
-8.077511332911427E-7
0.0
-0.17370798442310792
-2.9621569778690806E-7
0.0
0.6206199773241239
1.457532414738471E-6
0.0
0.03737674864926864
8.28627289435881E-7
0.0
0.603921389261346
8.906156318901273E-7
0.0
0.416003058367589
-8.938749690500907E-8
0.0
0.46261600757990934
-7.49378259647871E-7
0.0
0.1045263208005028
-4.2161807168828635E-7
0.0
0.9443767787444524
1.6611417813130865E-7
0.0
0.2734092235676839
-1.4074438563792418E-6
0.0
-0.018069333352191918
4.2611247502967217E-7
0.0
-1.6840352001673073
2.8005632814190416E-6
0.0
1.2321801366072
4.338961659940014E-7
0.0
-1.5055909154741365
-2.0960991700011264E-6
0.0
0.1695883023922402
3.9757179535424213E-7
0.0
-0.5461253702433616
1.230712752009405E-6
0.0
-0.1557591772679834
2.94331326156635E-7
0.0
0.4989417681715987
1.1525692758064864E-7
0.0
0.02118393653742838
8.779087334477667E-8
0.0
0.5707831298775126
-9.848658105489006E-7
0.0
-0.8469624634196209
3.7978598922726554E-8
0.0
-0.8586455558421519
-1.0963913523301831E-7
0.0
0.01825713449156584
5.524076609788687E-7
0.0
-0.32474451162648665
-8.683147179918859E-7
0.0
1.2820297312434776
8.461702009691723E-7
0.0
0.4284986052745558
9.211392602716163E-7
0.0
0.4353348846191725
-1.1358599639978798E-7
0.0
-1.4335492954927798
-1.402947532641958E-6
0.0
-0.4560244093824813
8.439782754470848E-7
0.0
-0.16725877665432748
1.0268454245198064E-6
0.0
-0.38954829436313043
-9.118411579410572E-8
0.0
1.4614987233895138
-5.362175875459398E-7
0.0
0.006149724432023478
1.216654693715725E-7
0.0
-0.40714948224144976
-4.535272926238142E-7
0.0
-0.22466879330174994
-5.474590412600131E-7
0.0
-0.1301430014993925
-1.1040215131537466E-6
0.0
0.8912169151892266
9.572918183674644E-7
0.0
0.07773719638349702
-3.387241076790667E-7
0.0
0.9882894321465967
2.3064870394269317E-7
0.0
0.676527701104971
1.4838546370371769E-6
0.0
-0.7704651906785069
1.886472629845428E-6
0.0
0.2568139779148867
2.6494063806686703E-7
0.0
0.7952069571404317
2.3282496323351745E-7
0.0
1.631990159814238
2.746789094441587E-7
0.0
-0.3348459005839243
-3.858756767072602E-7
0.0
-0.5844403924809914
1.0806388898432029E-6
0.0
-1.116007591413221
1.1744218170911551E-6
0.0
0.6236224908464693
9.60733013374453E-7
0.0
0.6793292976938899
1.400745047696707E-6
0.0
-0.5374232699658913
1.2361142222863635E-7
0.0
0.30851362564090745
-1.6065643728555443E-6
0.0
-0.678062189400906
-3.5382547985670283E-7
0.0
0.9427300670641279
2.2683442142655854E-7
0.0
0.3657567951614894
1.4660222553923427E-6
0.0
1.2398876936265806
9.368595647472775E-7
0.0
1.4833830890698374
-7.582130190992316E-7
0.0
1.6479414345744445
-4.789375643872545E-7
0.0
-0.19062850915789895
7.064889971382104E-7
0.0
1.4417494824908328
-5.769417454476598E-7
0.0
-0.9550004961590103
5.984446760839138E-7
0.0
-0.7575718283808738
-5.647779167440418E-7
0.0
-0.20562976725186877
3.799016700560347E-9
0.0
-1.069584296071158
-8.903446413127887E-7
0.0
0.6866734908587638
-1.0941505288592088E-6
0.0
0.0840680572067786
-5.269229566025286E-7
0.0
0.8464838849942931
-9.813483941436526E-7
0.0
-0.643730216402728
-4.054720487608825E-7
0.0
0.006817068941375867
1.0943254448023458E-6
0.0
1.2719992548770174
-2.5890391482632816E-7
0.0
-0.14021884534731827
6.278423538641884E-7
0.0
-0.14356381728466466
4.963846017340978E-7
0.0
-0.10789687149404534
7.640137568479723E-7
0.0
-0.4626302795330632
4.502215483217751E-8
0.0
0.5173661217461916
-2.2572585209838752E-7
0.0
0.49986271303653207
1.1887427581929325E-6
0.0
0.0586077738604442
1.3405514186637624E-7
0.0
-0.6321502501058208
1.755138303531872E-7
0.0
-1.1368866063212297
-8.172596221189069E-7
0.0
1.104579616300952
4.316071874763378E-7
0.0
0.7328031798209895
-2.722859561006301E-8
0.0
-0.946172926903808
-8.077511332911427E-7
0.0
0.7904329036059534
-2.9621569778690806E-7
0.0
0.21065147560368316
1.457532414738471E-6
0.0
-0.11409471421021637
8.28627289435881E-7
0.0
-0.5702458628073725
8.906156318901273E-7
0.0
0.24731546395542914
-8.938749690500907E-8
0.0
0.2104231345191221
-7.49378259647871E-7
0.0
-0.19113244335006302
-4.2161807168828635E-7
0.0
-0.4806195232578278
1.6611417813130865E-7
0.0
0.036725707816526794
-1.4074438563792418E-6
0.0
-1.0384976869913758
4.2611247502967217E-7
0.0
-0.3324802619917344
2.8005632814190416E-6
0.0
0.5275229841461554
4.338961659940014E-7
0.0
0.47900599648849024
-2.0960991700011264E-6
0.0
-1.4886739163112541
3.9757179535424213E-7
0.0
-0.32590386280319456
1.230712752009405E-6
0.0
-1.4649401396300277
2.94331326156635E-7
0.0
-0.7406872534524597
1.1525692758064864E-7
0.0
0.2938294814229191
8.779087334477667E-8
0.0
0.30323349516677667
-9.848658105489006E-7
0.0
0.42239160899162304
3.7978598922726554E-8
0.0
0.06014814315451773
1.0963913523301831E-7
0.0
-0.5928008738631368
-5.524076609788687E-7
0.0
-0.03343560517732033
8.683147179918859E-7
0.0
-1.6002813907932174
-8.461702009691723E-7
0.0
-0.9129915478618039
-9.211392602716163E-7
0.0
-0.699650982513542
1.1358599639978798E-7
0.0
-0.4227269235445161
1.402947532641958E-6
0.0
-1.1952184721892931
-8.439782754470848E-7
0.0
-0.27993231064047136
-1.0268454245198064E-6
0.0
-0.681535500814899
9.118411579410572E-8
0.0
-1.438362617839758
5.362175875459398E-7
0.0
-0.25957214195461226
-1.216654693715725E-7
0.0
-1.7118336308514457
4.535272926238142E-7
0.0
-0.09336487967448047
5.474590412600131E-7
0.0
-1.207632751625151
1.1040215131537466E-6
0.0
-0.007529641407158064
-9.572918183674644E-7
0.0
0.18111520821666713
3.387241076790667E-7
0.0
-0.6673754182497202
-2.3064870394269317E-7
0.0
-0.38015898295693745
-1.4838546370371769E-6
0.0
1.799323468002593
-1.886472629845428E-6
0.0
-0.5639914846120957
-2.6494063806686703E-7
0.0
-0.0554764798841865
-2.3282496323351745E-7
0.0
-0.9550218981726253
-2.746789094441587E-7
0.0
-0.5786757781393804
3.858756767072602E-7
0.0
1.0914849776902946
-1.0806388898432029E-6
0.0
0.07154565290355717
-1.1744218170911551E-6
0.0
0.38745274913449956
-9.60733013374453E-7
0.0
-0.07637891828745955
-1.400745047696707E-6
0.0
-0.32573171205796664
-1.2361142222863635E-7
0.0
0.526078212043283
1.6065643728555443E-6
0.0
1.7773606397643003
3.5382547985670283E-7
0.0
0.2279779441050734
-2.2683442142655854E-7
0.0
0.5469469247688733
-1.4660222553923427E-6
0.0
-0.9466176129305491
-9.368595647472775E-7
0.0
0.1607228832819399
7.582130190992316E-7
0.0
-1.3845914924281066
4.789375643872545E-7
0.0
0.20812191847024775
-7.064889971382104E-7
0.0
-1.680156298674663
5.769417454476598E-7
0.0
0.09315760004915574
-5.984446760839138E-7
0.0
-0.5520533629720471
5.647779167440418E-7
0.0
-0.07821788503853623
-3.799016700560347E-9
0.0
0.9245686362084344
8.903446413127887E-7
0.0
0.6207243587520193
1.0941505288592088E-6
0.0
-0.3710669029567897
5.269229566025286E-7
0.0
0.9015750796294916
9.813483941436526E-7
0.0
-0.0904189341342215
4.054720487608825E-7
0.0
-0.5508528155534971
-1.0943254448023458E-6
0.0
1.2944438732059464
2.5890391482632816E-7
0.0
-1.07428051083916
-6.278423538641884E-7
0.0
-0.25075773003972684
-4.963846017340978E-7
0.0
-0.45023138514716565
-7.640137568479723E-7
0.0
1.613387982288382
-4.502215483217751E-8
0.0
-0.9806432902038605
2.2572585209838752E-7
0.0
0.8051689526754302
-1.1887427581929325E-6
0.0
-0.5048986320547931
-1.3405514186637624E-7
0.0
0.020506744619041648
-1.755138303531872E-7
0.0
0.1728197483085969
8.172596221189069E-7
0.0
-2.2937233923868385
-4.316071874763378E-7
0.0
-0.6473107722417393
2.722859561006301E-8
0.0
0.8004758365895899
8.077511332911427E-7
0.0
-0.9457773590987922
2.9621569778690806E-7
0.0
0.2403180692641736
-1.457532414738471E-6
0.0
-0.9151410959290383
-8.28627289435881E-7
0.0
-0.0479639111087789
-8.906156318901273E-7
0.0
-0.566752575467332
8.938749690500907E-8
0.0
-0.7914951596433789
7.49378259647871E-7
0.0
0.6416530497276981
4.2161807168828635E-7
0.0
-0.4434693826278773
-1.6611417813130865E-7
0.0
0.15833014925745445
1.4074438563792418E-6
0.0
0.6911120396081264
-4.2611247502967217E-7
0.0
0.4337968441933258
-2.8005632814190416E-6
0.0
-0.8991895044177556
-4.338961659940014E-7
0.0
-0.6478492451354239
2.0960991700011264E-6
0.0
1.1020593494923427
-3.9757179535424213E-7
0.0
-0.09922961964337389
-1.230712752009405E-6
0.0
0.3766183639410583
-2.94331326156635E-7
0.0
0.43828405288909134
-1.1525692758064864E-7
0.0
1.0843689001228844
-8.779087334477667E-8
0.0
-0.4102562316299793
9.848658105489006E-7
0.0
0.30703833857181645
-3.7978598922726554E-8
0.0
0.3764338773663924
-1.0963913523301831E-7
0.0
-0.4676704709060986
5.524076609788687E-7
0.0
-0.022619600523370045
-8.683147179918859E-7
0.0
0.27059939302735775
8.461702009691723E-7
0.0
1.0392223207593578
9.211392602716163E-7
0.0
-0.13013950280611686
-1.1358599639978798E-7
0.0
0.010532618570488813
-1.402947532641958E-6
0.0
-0.4033638324131
8.439782754470848E-7
0.0
0.24528137062497868
1.0268454245198064E-6
0.0
-0.5992903536913526
-9.118411579410572E-8
0.0
0.8315164114281846
-5.362175875459398E-7
0.0
0.13349935024116935
1.216654693715725E-7
0.0
-0.18390167409924513
-4.535272926238142E-7
0.0
-0.06793016400118267
-5.474590412600131E-7
0.0
0.1351794580260383
-1.1040215131537466E-6
0.0
-0.5258509373744297
9.572918183674644E-7
0.0
-0.1953717362126193
-3.387241076790667E-7
0.0
-0.3460839825434877
2.3064870394269317E-7
0.0
-0.6073664547528014
1.4838546370371769E-6
0.0
-0.3901730829624091
1.886472629845428E-6
0.0
0.4001972174350157
2.6494063806686703E-7
0.0
-0.6571322299976633
2.3282496323351745E-7
0.0
0.8380278451511031
2.746789094441587E-7
0.0
-0.2322957639323828
-3.858756767072602E-7
0.0
-0.7712744946587178
1.0806388898432029E-6
0.0
0.8476978919452899
1.1744218170911551E-6
0.0
0.9415651349111478
9.60733013374453E-7
0.0
0.22769052713521637
1.400745047696707E-6
0.0
-0.19064363615093033
1.2361142222863635E-7
0.0
1.1290601083706828
-1.6065643728555443E-6
0.0
-0.969432570423582
-3.5382547985670283E-7
0.0
-0.19739554493925476
2.2683442142655854E-7
0.0
-0.5340737094120046
1.4660222553923427E-6
0.0
-0.6671105784788532
9.368595647472775E-7
0.0
0.10627983179963627
-7.582130190992316E-7
0.0
-1.1099976595430092
-4.789375643872545E-7
0.0
-0.3887989330323852
7.064889971382104E-7
0.0
0.3290025938673916
-5.769417454476598E-7
0.0
-0.41361390164235873
5.984446760839138E-7
0.0
0.28784937368863167
-5.647779167440418E-7
0.0
0.07037928165239395
3.799016700560347E-9
0.0
-0.23885567134938465
-8.903446413127887E-7
0.0
-0.30345706553785723
-1.0941505288592088E-6
0.0
0.954680593934048
-5.269229566025286E-7
0.0
0.570766960536816
-9.813483941436526E-7
0.0
0.6577240377275547
-4.054720487608825E-7
0.0
-0.37957560634555704
1.0943254448023458E-6
0.0
0.08015347494940192
-2.5890391482632816E-7
0.0
-0.558214089349485
6.278423538641884E-7
0.0
-0.03779609688731566
4.963846017340978E-7
0.0
-0.3052085399658914
7.640137568479723E-7
0.0
0.5729852542705691
4.502215483217751E-8
0.0
0.25218152639464647
-2.2572585209838752E-7
0.0
0.23297427674877622
1.1887427581929325E-6
0.0
0.8379637181641326
1.3405514186637624E-7
0.0
-0.36275932358972396
1.755138303531872E-7
0.0
-0.48313680530619335
-8.172596221189069E-7
0.0
0.7176866069026948
4.316071874763378E-7
0.0
-0.04589849984400404
-2.722859561006301E-8
0.0
0.7573310124474621
-8.077511332911427E-7
0.0
0.974547223584397
-2.9621569778690806E-7
0.0
-0.1524766007170965
1.457532414738471E-6
0.0
-0.5447299002946105
8.28627289435881E-7
0.0
0.6495509982728229
8.906156318901273E-7
0.0
0.4901730017946435
-8.938749690500907E-8
0.0
0.1333693706983407
-7.49378259647871E-7
0.0
-0.23125857004467132
-4.2161807168828635E-7
0.0
0.9300976490711322
1.6611417813130865E-7
0.0
-0.19525832891153797
-1.4074438563792418E-6
0.0
-0.5085470226098371
4.2611247502967217E-7
0.0
-1.2779089105032202
2.8005632814190416E-6
0.0
1.7790585992263048
4.338961659940014E-7
0.0
-1.682398591568164
-2.0960991700011264E-6
0.0
-0.4961762314792613
3.9757179535424213E-7
0.0
-0.7389900440316728
1.230712752009405E-6
0.0
0.3107565497239353
2.94331326156635E-7
0.0
-0.21353515535966958
1.1525692758064864E-7
0.0
-0.8180238675644844
8.779087334477667E-8
0.0
-0.5043278845021233
-9.848658105489006E-7
0.0
-0.5066655077862269
3.7978598922726554E-8
0.0
-0.5411085724337841
-1.0963913523301831E-7
0.0
0.1822238898535684
5.524076609788687E-7
0.0
-0.22613532149268797
-8.683147179918859E-7
0.0
-1.8471791577192223
8.461702009691723E-7
0.0
-0.05408368016332021
9.211392602716163E-7
0.0
-0.16874775786632615
-1.1358599639978798E-7
0.0
0.8291272102159483
-1.402947532641958E-6
0.0
2.0093192634477246
8.439782754470848E-7
0.0
0.4815227905918875
1.0268454245198064E-6
0.0
0.2773520949616164
-9.118411579410572E-8
0.0
0.40456576302882014
-5.362175875459398E-7
0.0
0.5658444635022858
1.216654693715725E-7
0.0
0.36430300566697293
-4.535272926238142E-7
0.0
-0.01974870030874577
-5.474590412600131E-7
0.0
-0.9372871761688224
-1.1040215131537466E-6
0.0
-1.536073960235255
9.572918183674644E-7
0.0
0.19009093806940547
-3.387241076790667E-7
0.0
-0.39424077882060365
2.3064870394269317E-7
0.0
-0.399829292569478
1.4838546370371769E-6
0.0
1.5841815755979005
1.886472629845428E-6
0.0
-0.34532508527167993
2.6494063806686703E-7
0.0
0.6317208538263428
2.3282496323351745E-7
0.0
1.3503720622438682
2.746789094441587E-7
0.0
0.6883126979092558
-3.858756767072602E-7
0.0
1.284381900258603
1.0806388898432029E-6
0.0
0.5567388236150346
1.1744218170911551E-6
0.0
-1.3406710878208603
9.60733013374453E-7
0.0
-0.5661288805635999
1.400745047696707E-6
0.0
-0.3827851169880261
1.2361142222863635E-7
0.0
-0.540390616962728
-1.6065643728555443E-6
0.0
0.03236608112641938
-3.5382547985670283E-7
0.0
0.4469968394831059
2.2683442142655854E-7
0.0
0.5077812098604955
1.4660222553923427E-6
0.0
0.8773284639817053
9.368595647472775E-7
0.0
-0.6698388651690722
-7.582130190992316E-7
0.0
-0.7724591602223296
-4.789375643872545E-7
0.0
0.040647577311288936
7.064889971382104E-7
0.0
0.4195219926452913
-5.769417454476598E-7
0.0
0.19793529637685003
5.984446760839138E-7
0.0
-0.38053241170737584
-5.647779167440418E-7
0.0
-0.2645358455733792
3.799016700560347E-9
0.0
1.4346850501996602
-8.903446413127887E-7
0.0
1.5701047377337778
-1.0941505288592088E-6
0.0
-0.2869175235352794
-5.269229566025286E-7
0.0
-0.8840094303664632
-9.813483941436526E-7
0.0
-0.25556762224177443
-4.054720487608825E-7
0.0
0.46542764124471453
1.0943254448023458E-6
0.0
0.7926146929287619
-2.5890391482632816E-7
0.0
0.555487870711723
6.278423538641884E-7
0.0
-0.17436937129546054
4.963846017340978E-7
0.0
-0.3523385598866371
7.640137568479723E-7
0.0
0.10678355244737782
4.502215483217751E-8
0.0
0.2486653462342473
-2.2572585209838752E-7
0.0
0.09050195535223
1.1887427581929325E-6
0.0
-0.5190522546119913
1.3405514186637624E-7
0.0
0.16678149634766593
1.755138303531872E-7
0.0
0.43429118891916296
-8.172596221189069E-7
0.0
-0.3169782965903037
4.316071874763378E-7
0.0
0.17551272730343567
-2.722859561006301E-8
0.0
0.5470735510305259
-8.077511332911427E-7
0.0
0.7650789803513621
-2.9621569778690806E-7
0.0
0.1594794521781096
1.457532414738471E-6
0.0
0.5431371931699506
8.28627289435881E-7
0.0
-0.5153290331243191
8.906156318901273E-7
0.0
0.15743162789205098
-8.938749690500907E-8
0.0
0.3113329382336338
-7.49378259647871E-7
0.0
0.14143716445452728
-4.2161807168828635E-7
0.0
-0.009551749959383661
1.6611417813130865E-7
0.0
0.2814612638329223
-1.4074438563792418E-6
0.0
0.22432191760141207
4.2611247502967217E-7
0.0
0.7896536080420807
2.8005632814190416E-6
0.0
-0.09689552293144876
4.338961659940014E-7
0.0
0.9116495710740657
-2.0960991700011264E-6
0.0
-0.032963269543215046
3.9757179535424213E-7
0.0
-0.5701735079127964
1.230712752009405E-6
0.0
-0.0790372014509769
2.94331326156635E-7
0.0
1.7318984843281868
1.1525692758064864E-7
0.0
0.3380639732782819
8.779087334477667E-8
0.0
0.19541499602051846
-9.848658105489006E-7
0.0
-0.7195017196527412
3.7978598922726554E-8
0.0
-0.8162950222787023
-1.0963913523313732E-7
0.0
0.01756182315957627
5.524076609789668E-7
0.0
1.0994001082878861
-8.683147179919855E-7
0.0
0.019113112449965945
8.461702009694603E-7
0.0
0.0465945998778817
9.211392602718369E-7
0.0
0.9996954538029946
-1.1358599639998737E-7
0.0
-1.5430622059169274
-1.4029475326421717E-6
0.0
0.8261197558293741
8.439782754471131E-7
0.0
-0.5633434847323859
1.0268454245199966E-6
0.0
-1.0924990112431074
-9.118411579416336E-8
0.0
-0.9261771505957515
-5.362175875461251E-7
0.0
0.04748563650687233
1.2166546937159177E-7
0.0
0.26956981564266635
-4.535272926241617E-7
0.0
0.01230419877398695
-5.47459041260105E-7
0.0
-0.5915544941264544
-1.104021513153828E-6
0.0
1.1363548050675192
9.572918183677668E-7
0.0
0.19008998368456595
-3.387241076791405E-7
0.0
1.4238534633593192
2.3064870394297563E-7
0.0
0.543956279178685
1.4838546370374723E-6
0.0
-0.999167144354604
1.8864726298456927E-6
0.0
-1.3635104290986169
2.6494063806703665E-7
0.0
0.49791319942795637
2.3282496323359786E-7
0.0
-0.9161900919940489
2.746789094441758E-7
0.0
0.7110108683259342
-3.8587567670723667E-7
0.0
-0.5319727610104608
1.0806388898433323E-6
0.0
-0.5241054216067127
1.1744218170913118E-6
0.0
0.07972709179223932
9.607330133745594E-7
0.0
-0.19063142457440715
1.4007450476970243E-6
0.0
-0.12494046392554138
1.2361142222866195E-7
0.0
0.8811908244544123
-1.6065643728558314E-6
0.0
0.40611756573651364
-3.538254798568698E-7
0.0
0.5148379322562486
2.2683442142655517E-7
0.0
-0.20651405446501445
1.4660222553924786E-6
0.0
-0.1785316972225088
9.368595647473245E-7
0.0
1.2921151874520103
-7.582130190993808E-7
0.0
0.5643198223901108
-4.789375643874208E-7
0.0
0.366421444479941
7.064889971382471E-7
0.0
0.28219120308048373
-5.769417454478682E-7
0.0
0.8974449762358588
5.984446760842326E-7
0.0
0.4715009908720453
-5.647779167440217E-7
0.0
0.4089478374093636
3.799016700560935E-9
0.0
0.49070955801076943
-8.903446413127955E-7
0.0
0.603992508723406
-1.0941505288592596E-6
0.0
0.3179807674890362
-5.269229566028061E-7
0.0
0.7168463415342299
-9.81348394143661E-7
0.0
-0.7373161285048303
-4.0547204876090993E-7
0.0
0.18554085203471973
1.094325444802555E-6
0.0
-1.2301982527174022
-2.589039148266713E-7
0.0
-0.48355330672212604
6.278423538643904E-7
0.0
-0.2786779877864941
4.963846017343318E-7
0.0
0.1317013125268842
7.640137568481412E-7
0.0
-1.3148119723805618
4.5022154832307756E-8
0.0
-0.547340783609891
-2.2572585209838869E-7
0.0
0.8351676844944811
1.1887427581931553E-6
0.0
0.9170391068090669
1.3405514186666429E-7
0.0
-0.7698994465957204
1.7551383035325942E-7
0.0
-0.39998882643862116
-8.172596221192029E-7
0.0
-0.9604820390245037
4.316071874766549E-7
0.0
0.9241701294761733
-2.7228595610136657E-8
0.0
-1.362293481250483
-8.077511332912525E-7
0.0
-0.18806877552718962
-2.962156977870584E-7
0.0
1.8847029189393645
1.4575324147387583E-6
0.0
-0.8847772454627328
8.286272894360805E-7
0.0
0.5663773880743852
8.906156318903802E-7
0.0
-0.42733572209255277
-8.938749690499018E-8
0.0
-0.5504654402807984
-7.493782596479703E-7
0.0
-0.2504864922126219
-4.21618071688499E-7
0.0
-0.10073711611219205
1.6611417813130838E-7
0.0
1.0142644882116567
-1.407443856379425E-6
0.0
0.22877211828350125
4.261124750296761E-7
0.0
0.16797134991807425
2.8005632814193423E-6
0.0
-0.41030399653612504
4.338961659941975E-7
0.0
0.2960938922851194
-2.0960991700013865E-6
0.0
-0.16350949953948038
3.9757179535434764E-7
0.0
-0.055494658791967716
1.2307127520094576E-6
0.0
-0.9728853984746838
2.9433132615685113E-7
0.0
-0.10701670547947863
1.1525692758076884E-7
0.0
-0.8733764531544161
8.779087334482221E-8
0.0
0.6084853566120547
-9.848658105489853E-7
0.0
-0.528142473140434
3.797859892280441E-8
0.0
0.545256031933591
1.0963913523313732E-7
0.0
0.4073360152496123
-5.524076609789668E-7
0.0
-0.7429596737382351
8.683147179919855E-7
0.0
1.22272202326018
-8.461702009694603E-7
0.0
-1.037839109269047
-9.211392602718369E-7
0.0
-0.507061316245173
1.1358599639998737E-7
0.0
-0.7423096193324684
1.4029475326421717E-6
0.0
-1.6089902697851717
-8.439782754471131E-7
0.0
-0.7620646901406778
-1.0268454245199966E-6
0.0
1.029016235162801
9.118411579416336E-8
0.0
-0.20683965320171113
5.362175875461251E-7
0.0
0.17407733019173519
-1.2166546937159177E-7
0.0
-1.4749971941521378
4.535272926241617E-7
0.0
-0.032001147785525645
5.47459041260105E-7
0.0
1.2302577736013103
1.104021513153828E-6
0.0
0.19418659790606566
-9.572918183677668E-7
0.0
-0.05511305448440974
3.387241076791405E-7
0.0
0.2138382212985452
-2.3064870394297563E-7
0.0
0.4692171598418963
-1.4838546370374723E-6
0.0
0.25305793547637145
-1.8864726298456927E-6
0.0
1.0233042683766629
-2.6494063806703665E-7
0.0
-0.04227603632724472
-2.3282496323359786E-7
0.0
0.08473076015650575
-2.746789094441758E-7
0.0
-0.867338709067966
3.8587567670723667E-7
0.0
-0.43382638183714056
-1.0806388898433323E-6
0.0
-0.21748919008288595
-1.1744218170913118E-6
0.0
-0.36266989513274606
-9.607330133745594E-7
0.0
0.43021351439727445
-1.4007450476970243E-6
0.0
0.16629948631691444
-1.2361142222866195E-7
0.0
0.3892278060829015
1.6065643728558314E-6
0.0
1.3620590297508444
3.538254798568698E-7
0.0
0.14765989900678803
-2.2683442142655517E-7
0.0
-0.9466356531249175
-1.4660222553924786E-6
0.0
-0.9172250227878331
-9.368595647473245E-7
0.0
0.6631910197623835
7.582130190993808E-7
0.0
0.7453483743915463
4.789375643874208E-7
0.0
-0.3078065411624845
-7.064889971382471E-7
0.0
-1.5015249496647987
5.769417454478682E-7
0.0
0.4701745449240817
-5.984446760842326E-7
0.0
-1.0013222325468474
5.647779167440217E-7
0.0
0.29767823492797574
-3.799016700560935E-9
0.0
-2.2207797176684134
8.903446413127955E-7
0.0
-0.4707984721152947
1.0941505288592596E-6
0.0
-0.9984881018421675
5.269229566028061E-7
0.0
-1.549627598086506
9.81348394143661E-7
0.0
0.4681561603276296
4.0547204876090993E-7
0.0
-0.6950877469034397
-1.094325444802555E-6
0.0
1.4819824586868402
2.589039148266713E-7
0.0
0.4632448695289916
-6.278423538643904E-7
0.0
0.5097450362319927
-4.963846017343318E-7
0.0
-0.16660742393240363
-7.640137568481412E-7
0.0
-0.5845827591280172
-4.5022154832307756E-8
0.0
1.6918418999878426
2.2572585209838869E-7
0.0
0.0508820305369003
-1.1887427581931553E-6
0.0
-0.8645546310798597
-1.3405514186666429E-7
0.0
0.31180225583991805
-1.7551383035325942E-7
0.0
0.9255169158943019
8.172596221192029E-7
0.0
-1.7613907723608044
-4.316071874766549E-7
0.0
-0.54441920588983
2.7228595610136657E-8
0.0
-0.14757500472815965
8.077511332912525E-7
0.0
-1.7590553670149773
2.962156977870584E-7
0.0
0.3441892409135502
-1.4575324147387583E-6
0.0
-0.8296846222885189
-8.286272894360805E-7
0.0
0.10033705986613811
-8.906156318903802E-7
0.0
-0.25247674594479846
8.938749690499018E-8
0.0
0.05865001158320522
7.493782596479703E-7
0.0
0.025139666290903268
4.21618071688499E-7
0.0
-0.8461035609068536
-1.6611417813130838E-7
0.0
0.6776619096522604
1.407443856379425E-6
0.0
-1.0125637371536202
-4.261124750296761E-7
0.0
0.41081008427565663
-2.8005632814193423E-6
0.0
-0.9554539005702116
-4.338961659941975E-7
0.0
0.4318580782697034
2.0960991700013865E-6
0.0
0.41734749362183376
-3.9757179535434764E-7
0.0
1.4874436185703483
-1.2307127520094576E-6
0.0
0.49112847271400834
-2.9433132615685113E-7
0.0
-1.008808568514019
-1.1525692758076884E-7
0.0
0.5755110810999093
-8.779087334482221E-8
0.0
0.025394086908243824
9.848658105489853E-7
0.0
0.8270899697353455
-3.797859892280441E-8
0.0
-1.2546131215915388
-1.0963916025116281E-7
0.0
-0.07459608208117123
5.524079642747812E-7
0.0
-0.7294769119062341
-8.683147855041483E-7
0.0
-0.2212441018482271
8.461701573730928E-7
0.0
-0.8985450908449395
9.211391808708576E-7
0.0
0.05938276895872049
-1.1358603363953761E-7
0.0
-0.2862293252137958
-1.4029476218332098E-6
0.0
-0.7904402160776529
8.43978217320823E-7
0.0
0.4527287264880069
1.026845423023075E-6
0.0
-0.9073627079224741
-9.118415107727537E-8
0.0
-1.6826297011630487
-5.362177781455778E-7
0.0
-0.14451473961720926
1.2166549164498166E-7
0.0
0.9263582346004139
-4.5352721000661623E-7
0.0
-0.09806237530401445
-5.474590209726506E-7
0.0
-0.21176759493692263
-1.1040213632181176E-6
0.0
1.3499255519571813
9.572919319238802E-7
0.0
-0.05930005409940047
-3.387241344482813E-7
0.0
-0.5303374080954883
2.3064871399921344E-7
0.0
-0.3635689521394196
1.4838546759390558E-6
0.0
1.1378023448879646
1.8864726674800658E-6
0.0
-1.2789448850200829
2.649408537820049E-7
0.0
0.3677856020931641
2.328249983097176E-7
0.0
-0.7625184603761943
2.7467891213186455E-7
0.0
-0.9544747987113101
-3.858757146113721E-7
0.0
0.856689426786622
1.0806389238632684E-6
0.0
0.10905827437005605
1.1744217855396928E-6
0.0
-0.6940094966172128
9.6073293462424E-7
0.0
-0.052622921120195586
1.4007450596785073E-6
0.0
-0.13448332922910008
1.2361142859704512E-7
0.0
0.22063605751787113
-1.6065643535257828E-6
0.0
0.5221614523542518
-3.5382548052581434E-7
0.0
-0.9315777612570253
2.2683457320371404E-7
0.0
-0.27083937449757256
1.4660222364349178E-6
0.0
-1.1878244801477256
9.368597864203864E-7
0.0
-0.15230144368522736
-7.58212970944999E-7
0.0
0.993547620934156
-4.789372826974529E-7
0.0
-0.32707066064251794
7.06489036973299E-7
0.0
-0.7259974117630973
-5.769417448819142E-7
0.0
0.5977591203756072
5.984446881649199E-7
0.0
0.930214776058408
-5.647780088010272E-7
0.0
-0.3816516614841185
3.799016855102391E-9
0.0
0.09857202872200621
-8.903445094705394E-7
0.0
-0.3903049555329556
-1.0941504942591908E-6
0.0
0.6761218136987391
-5.269230921487919E-7
0.0
-0.6836522625904957
-9.813485157856696E-7
0.0
0.03937925367288482
-4.05472018704418E-7
0.0
-0.014502546210663285
1.0943256840183544E-6
0.0
-0.7207875734796376
-2.5890378771628663E-7
0.0
-0.7575764611125188
6.278425414357694E-7
0.0
0.4588812677541647
4.963846180231654E-7
0.0
0.40221033719119803
7.640137655510644E-7
0.0
0.2148943988218259
4.502217437425356E-8
0.0
0.8830180317201299
-2.2572604441841886E-7
0.0
-0.1497340119600479
1.1887428165865568E-6
0.0
-0.05535365523883482
1.3405514395126314E-7
0.0
0.25819291443319053
1.7551384106207648E-7
0.0
0.441705002177813
-8.172596430341256E-7
0.0
-0.4523744687646617
4.3160727144237983E-7
0.0
1.0465927207952153
-2.7228638118211417E-8
0.0
-0.429276646842707
-8.077510243763649E-7
0.0
-0.6863857188540659
-2.962156998580003E-7
0.0
-0.8000735633112662
1.4575324124579476E-6
0.0
0.2615945492304217
8.286275940652952E-7
0.0
0.5809658407271964
8.906157724827053E-7
0.0
0.324659211321341
-8.938733609340508E-8
0.0
-0.01214764726590595
-7.493783258588191E-7
0.0
-0.8334884348573052
-4.216181165218725E-7
0.0
-0.8033946293618529
1.661141642968857E-7
0.0
-0.725454148485046
-1.4074438621806905E-6
0.0
-1.1303999634216215
4.261125784600194E-7
0.0
0.01397511039961011
2.8005633623067418E-6
0.0
0.19534229450892276
4.3389624731065185E-7
0.0
-1.3066659942967265
-2.0960992481147378E-6
0.0
0.53335446107424
3.975719105784155E-7
0.0
0.3338637710835436
1.2307126847548067E-6
0.0
-0.262644746799196
2.943313298805313E-7
0.0
-0.8163843763394868
1.1525693256068216E-7
0.0
-0.04621680439539273
8.779087941831594E-8
0.0
-0.3565230665449311
-9.848658548492438E-7
0.0
0.0804747322511445
3.7978601051349626E-8
0.0
1.011498778681163
1.0963916025116281E-7
0.0
0.7697060198785228
-5.524079642747812E-7
0.0
0.8882984849537281
8.683147855041483E-7
0.0
0.35437990509489803
-8.461701573730928E-7
0.0
0.5594098993156711
-9.211391808708576E-7
0.0
-0.23021155547637792
1.1358603363953761E-7
0.0
0.8105025854817378
1.4029476218332098E-6
0.0
0.6264305899202207
-8.43978217320823E-7
0.0
-0.5070311185203082
-1.026845423023075E-6
0.0
0.9207510992408249
9.118415107727537E-8
0.0
1.8264654179229585
5.362177781455778E-7
0.0
-0.3192767177018267
-1.2166549164498166E-7
0.0
-1.3815144556540104
4.5352721000661623E-7
0.0
-0.12514310498137782
5.474590209726506E-7
0.0
0.7101800267258862
1.1040213632181176E-6
0.0
-0.7528892092719318
-9.572919319238802E-7
0.0
0.30698344308829073
3.387241344482813E-7
0.0
0.843122715589214
-2.3064871399921344E-7
0.0
-0.18565654845252993
-1.4838546759390558E-6
0.0
-1.2551350067876466
-1.8864726674800658E-6
0.0
0.6904974627396051
-2.649408537820049E-7
0.0
0.06151544872072245
-2.328249983097176E-7
0.0
0.6181638003557715
-2.7467891213186455E-7
0.0
0.9644291703387936
3.858757146113721E-7
0.0
-0.7077190921548225
-1.0806389238632684E-6
0.0
0.774275528494991
-1.1744217855396928E-6
0.0
0.08999381068996379
-9.6073293462424E-7
0.0
0.4709379948649532
-1.4007450596785073E-6
0.0
0.1348546939381349
-1.2361142859704512E-7
0.0
0.36844219544572776
1.6065643535257828E-6
0.0
-0.8419645216377077
3.5382548052581434E-7
0.0
0.742203662627319
-2.2683457320371404E-7
0.0
0.5629524994103609
-1.4660222364349178E-6
0.0
1.2694478381929861
-9.368597864203864E-7
0.0
0.508006208848524
7.58212970944999E-7
0.0
-0.8018187943598587
4.789372826974529E-7
0.0
0.4585489593001751
-7.06489036973299E-7
0.0
1.2991577548922275
5.769417448819142E-7
0.0
-0.3202492861319801
-5.984446881649199E-7
0.0
-0.4627129687302259
5.647780088010272E-7
0.0
-0.3135018747603175
-3.799016855102391E-9
0.0
0.8576872624354764
8.903445094705394E-7
0.0
0.006396826887879849
1.0941504942591908E-6
0.0
-0.3098483828461286
5.269230921487919E-7
0.0
0.9058156851792634
9.813485157856696E-7
0.0
-0.8505324890339895
4.05472018704418E-7
0.0
-0.7883172292963091
-1.0943256840183544E-6
0.0
1.0264764459717863
2.5890378771628663E-7
0.0
1.2478641170361822
-6.278425414357694E-7
0.0
-0.8207882299371765
-4.963846180231654E-7
0.0
-0.06556572528211857
-7.640137655510644E-7
0.0
-0.46293041555613085
-4.502217437425356E-8
0.0
-1.1832695897210668
2.2572604441841886E-7
0.0
0.3152311951460528
-1.1887428165865568E-6
0.0
1.0223067950740186
-1.3405514395126314E-7
0.0
0.34659813668093137
-1.7551384106207648E-7
0.0
-0.8678029981210447
8.172596430341256E-7
0.0
0.45540977952704087
-4.3160727144237983E-7
0.0
-0.09924522687862586
2.7228638118211417E-8
0.0
0.6192656006083903
8.077510243763649E-7
0.0
0.4428114571486217
2.962156998580003E-7
0.0
0.6003895276485679
-1.4575324124579476E-6
0.0
-0.15350428978865588
-8.286275940652952E-7
0.0
-0.027647903540562697
-8.906157724827053E-7
0.0
-0.12211564394652362
8.938733609340508E-8
0.0
-0.37258753699728747
7.493783258588191E-7
0.0
0.6333295152402266
4.216181165218725E-7
0.0
0.7261020220734061
-1.661141642968857E-7
0.0
1.116782923801108
1.4074438621806905E-6
0.0
1.2063381951643593
-4.261125784600194E-7
0.0
0.48844656618227333
-2.8005633623067418E-6
0.0
0.24713130968383396
-4.3389624731065185E-7
0.0
0.6975493038072963
2.0960992481147378E-6
0.0
-0.07470959612954958
-3.975719105784155E-7
0.0
0.059069936957182365
-1.2307126847548067E-6
0.0
-0.15542321959251762
-2.943313298805313E-7
0.0
1.0015307535340616
-1.1525693256068216E-7
0.0
0.05384713232244884
-8.779087941831594E-8
0.0
0.03791832562356576
9.848658548492438E-7
0.0
-0.09833753033586233
-3.7978601051349626E-8
0.0
0.3381759814095311
-1.0964307060468401E-7
0.0
0.06270792430779701
5.525592613423954E-7
0.0
-1.0744939037379855
-8.68328160182299E-7
0.0
-1.4365925369761126
8.461837957821351E-7
0.0
0.022766657690112976
9.212215444207917E-7
0.0
-0.3058543056094909
-1.1358617383932831E-7
0.0
0.9897086190947387
-1.402967289978076E-6
0.0
0.15072545350238642
8.439967400393873E-7
0.0
-0.5379752137251284
1.0268587337648553E-6
0.0
-0.8380446453212081
-9.118115904224322E-8
0.0
-0.9973775194902864
-5.363207317829986E-7
0.0
0.3504476386138388
1.2168655442092944E-7
0.0
-0.5958295663643876
-4.5352853746552735E-7
0.0
-0.46921143208372595
-5.475257726394065E-7
0.0
-0.7814709818530514
-1.1041006289164552E-6
0.0
0.3693671560161101
9.574040602545858E-7
0.0
-0.044044848864051855
-3.3874635061146544E-7
0.0
-0.6813524199321601
2.3064233144789923E-7
0.0
0.6153219941613196
1.483881090388338E-6
0.0
-0.4039958974678134
1.8865958514580667E-6
0.0
-0.7404178256349632
2.650154467615249E-7
0.0
-0.6082777127975895
2.328311376364508E-7
0.0
-0.9840320523258381
2.7467967573574807E-7
0.0
0.17938265365956835
-3.8593824465483446E-7
0.0
0.5902867127887218
1.0806409754807394E-6
0.0
-1.4314475901015917
1.1744283088714494E-6
0.0
-0.09830220392547222
9.608138338612113E-7
0.0
-0.22175518834540034
1.4008759353663367E-6
0.0
-0.31056320299302437
1.2362004695457416E-7
0.0
1.06338728183961
-1.606637400067947E-6
0.0
-0.18239377985951324
-3.538516370816749E-7
0.0
-1.5593047700932543
2.2688805871975797E-7
0.0
0.29654935390561193
1.4660479189640992E-6
0.0
-0.7354988560876313
9.36957646143555E-7
0.0
-0.7192591633736926
-7.582262488336736E-7
0.0
-0.1833712517803408
-4.790557899428776E-7
0.0
0.3435607424377698
7.064993617989557E-7
0.0
0.9136894147982566
-5.770164964029473E-7
0.0
0.43340415708291347
5.985217984524581E-7
0.0
0.3577147417323787
-5.647876748212891E-7
0.0
0.0392898093505232
3.799242534137745E-9
0.0
-0.711338159807157
-8.904427753561812E-7
0.0
1.1984768180648029
-1.0941819474594255E-6
0.0
-0.7951987197956469
-5.269497905226163E-7
0.0
-1.2483840251669003
-9.81433277380029E-7
0.0
0.09284153340259844
-4.055398325139818E-7
0.0
-0.6723380047537578
1.0943497720014077E-6
0.0
-0.47670795238004754
-2.5891030699024883E-7
0.0
-0.05872359905449674
6.279012146735948E-7
0.0
-1.1122897479054532
4.964670826830295E-7
0.0
0.5869261403261374
7.640683396022492E-7
0.0
-1.014438675537784
4.511068132362065E-8
0.0
-0.3217565329583673
-2.2572450954415587E-7
0.0
0.1677179549335383
1.1888278251319095E-6
0.0
0.15540281688422508
1.3407094106898952E-7
0.0
-0.6816061800700176
1.7554698244945968E-7
0.0
0.08235521175996172
-8.173504434078611E-7
0.0
0.8698946172733876
4.317212300335379E-7
0.0
-0.3158988874284817
-2.723569107670476E-8
0.0
0.06379939371722873
-8.078205046109384E-7
0.0
0.5033321106820171
-2.962983237316045E-7
0.0
0.7599713154812155
1.4576508485604862E-6
0.0
0.10396810116477263
8.286956557033602E-7
0.0
0.05455927501928159
8.906836024819001E-7
0.0
-0.27712784137517366
-8.935338912767119E-8
0.0
0.157430727766898
-7.494416822066032E-7
0.0
0.6200054075652502
-4.2162426863993594E-7
0.0
-0.4399927826620861
1.6617644549296946E-7
0.0
0.6905053540639581
-1.4074941964317723E-6
0.0
-0.6506589236232521
4.261609446337865E-7
0.0
1.1302727981059104
2.800594399411954E-6
0.0
-0.8412899996829348
4.339055044862452E-7
0.0
1.1709540257164204
-2.0962418500441447E-6
0.0
-0.4038669684726017
3.9764356273807763E-7
0.0
0.7243068394452722
1.2307803482290606E-6
0.0
0.6531503197702645
2.943346358976888E-7
0.0
-0.445740591873308
1.1526444691787986E-7
0.0
0.5773343320967435
8.779045767582055E-8
0.0
-0.030431620120588185
-9.849227033982403E-7
0.0
-0.08578443271860554
3.7990931990126445E-8
0.0
-1.2667088434005436
-1.018435514327546E-7
0.0
-1.4568778039810637
5.395676141859889E-7
0.0
1.0965225781936172
-8.270459239326156E-7
0.0
-0.14388797507707815
8.052394755574136E-7
0.0
-0.8148473105051209
9.00819427778431E-7
0.0
-0.04958704100418378
-1.1360262337773352E-7
0.0
-1.599651344284733
-1.3926603470382536E-6
0.0
-0.848940200016024
8.422660649541597E-7
0.0
0.5156842288126005
9.907797560790728E-7
0.0
-0.20513864029105733
-9.415952563211564E-8
0.0
0.2899283401335728
-5.343270613748515E-7
0.0
0.3534913515578878
1.1578891775511843E-7
0.0
-0.7583089375403096
-4.533492943007169E-7
0.0
-0.5772781613391621
-5.151139684429869E-7
0.0
0.22543478989591803
-1.0639297028567288E-6
0.0
0.19491690327099778
9.155953426648818E-7
0.0
0.19771379772298028
-3.289643619817647E-7
0.0
0.7055749609052887
2.2544028341505896E-7
0.0
-0.20086398211074746
1.4398094519108444E-6
0.0
0.7521752159476783
1.8779498343261072E-6
0.0
-0.26783230848829914
2.3555904011546042E-7
0.0
0.46733702563936397
2.143087433977111E-7
0.0
0.8130042918163588
2.51920264028944E-7
0.0
-0.5967649107342182
-3.3024093007483934E-7
0.0
-0.7228049407587461
1.0761501256804347E-6
0.0
0.20137417737365634
1.1588376873588705E-6
0.0
0.24567339546396524
9.51088019650156E-7
0.0
0.3488928097189585
1.3971743006401067E-6
0.0
0.31087704097870994
1.2044693932140889E-7
0.0
-0.07435631177719162
-1.5543868439671644E-6
0.0
-0.19353858461325055
-3.5344502056497364E-7
0.0
0.6632208610259887
2.3036271522851557E-7
0.0
-0.09265281735490039
1.4523883324617273E-6
0.0
-0.02974847731207749
9.237213821462121E-7
0.0
1.4772538777488144
-7.344734702403745E-7
0.0
0.6208796740644014
-4.2332199675877137E-7
0.0
-0.3842191300371922
6.850181490761967E-7
0.0
-0.6803504700186834
-5.765877617155956E-7
0.0
0.4600785983356542
5.572269099255402E-7
0.0
-0.18366521119834936
-5.597066475460687E-7
0.0
-0.07393155131509817
3.7209573885795656E-9
0.0
0.5805725831890404
-8.751084048044038E-7
0.0
-0.8192777364650878
-1.0629949041147348E-6
0.0
0.3738558825916014
-5.075477075116364E-7
0.0
0.20343266880719926
-9.725306423918775E-7
0.0
0.2375953868864661
-3.7563586271163554E-7
0.0
-0.033890357183704645
1.0707799436193176E-6
0.0
1.3379773114904252
-2.589195430107333E-7
0.0
-0.6867488193714061
5.980182129122278E-7
0.0
0.1903926517673279
4.680277737523431E-7
0.0
-0.893668766585984
7.618050887686584E-7
0.0
-0.37406488092521345
3.4447931475121334E-8
0.0
1.211003568345896
-1.991655018506323E-7
0.0
-0.5343252678042902
1.1533096196840224E-6
0.0
0.48062012232202983
1.2632466659688683E-7
0.0
-0.4852476864335243
1.6406682467953476E-7
0.0
-0.5964787194835754
-7.686637977689304E-7
0.0
-1.7830678816416061
4.3215745802892545E-7
0.0
0.962265632359297
-2.669082497199503E-8
0.0
-0.1082545804418245
-7.793046680526659E-7
0.0
0.20949676981566892
-2.570735960019364E-7
0.0
0.15697409148420813
1.4150009790837788E-6
0.0
-0.12926526583481687
8.039634740924438E-7
0.0
0.7803453849642268
8.654741284415399E-7
0.0
0.8069765399001934
-1.3757269921620778E-7
0.0
-0.0746896457162402
-7.221648017908524E-7
0.0
-0.2733192918805377
-3.8623658028779E-7
0.0
-1.3299189290375342
1.4290120055378712E-7
0.0
0.6816829984892453
-1.3916834986425234E-6
0.0
0.7978797161609719
4.255468750004764E-7
0.0
-0.8676630006479599
2.7421919432628562E-6
0.0
0.557422862806633
3.983926282269849E-7
0.0
-0.6528506826339759
-2.093993183567603E-6
0.0
0.536686889595375
3.7357052737783946E-7
0.0
-0.7937353457681168
1.2321443745091967E-6
0.0
-0.6240825306595493
2.771794538431502E-7
0.0
0.8120319644368814
8.006401370779478E-8
0.0
-0.9942738223894313
8.734618590491407E-8
0.0
-0.6805362054744841
-9.65909152622322E-7
0.0
-0.4175078277661681
3.001815242510828E-8
0.0
0.37988649403109603
1.018474868044203E-7
0.0
1.7234444657345769
-5.397192145495155E-7
0.0
0.020354018060339162
8.270593661230288E-7
0.0
1.2387605708143186
-8.052530703703764E-7
0.0
0.09140398249787776
-9.009017119276065E-7
0.0
0.7572272138355614
1.1360280081727384E-7
0.0
-0.5726642757860492
1.3926801043743717E-6
0.0
1.2379664083990911
-8.422845295464624E-7
0.0
0.36696153814161236
-9.907930653241214E-7
0.0
0.5354864999903958
9.415656888025312E-8
0.0
0.4039606610631466
5.344302056119103E-7
0.0
-0.41747770465928913
-1.1581000280447537E-7
0.0
0.2590251073161394
4.5335053914243025E-7
0.0
0.32799707172395665
5.151806998223803E-7
0.0
0.9443906921269838
1.0640088186194374E-6
0.0
-0.7487875450258379
-9.15707584552003E-7
0.0
-0.006043583703623172
3.289866049141634E-7
0.0
0.41685532529295377
-2.2543391092026516E-7
0.0
-0.9264916581365147
-1.4398359052620054E-6
0.0
-0.3551842408016484
-1.878073055938746E-6
0.0
0.421291640174153
-2.3563384881011828E-7
0.0
-0.257528549717795
-2.143149178006444E-7
0.0
0.7479457856856085
-2.5192103032053344E-7
0.0
0.9561144010441721
3.303034980224137E-7
0.0
-0.2632587209890365
-1.0761522113179714E-6
0.0
1.0563967496705722
-1.1588441791391646E-6
0.0
0.32358825012755693
-9.511688401369144E-7
0.0
-0.08609341126545962
-1.3973051883097364E-6
0.0
0.3545541808961062
-1.2045556404734672E-7
0.0
-0.1735746242732433
1.5544598711795669E-6
0.0
0.2250876525631496
3.5347117778994566E-7
0.0
0.6925997491218467
-2.3041635252171498E-7
0.0
-1.131886323286398
-1.4524139960334836E-6
0.0
0.37840285432426884
-9.238194635424896E-7
0.0
-0.06914547796017363
7.344866999748165E-7
0.0
-1.0961163089853034
4.234402223143945E-7
0.0
0.02794416278879843
-6.850285137369422E-7
0.0
0.11723988177100567
5.766625126708831E-7
0.0
-0.7389256406885132
-5.573040322940845E-7
0.0
-0.37295527273511075
5.597164056233161E-7
0.0
0.041431967812480576
-3.721183222156964E-9
0.0
0.2487388250234341
8.752065388477962E-7
0.0
-0.20162822173411407
1.0630263227149513E-6
0.0
0.17361434636249568
5.075745414317242E-7
0.0
-0.05456088694538855
9.726155256282538E-7
0.0
0.0035381181901474553
3.757036464647348E-7
0.0
0.7356969360976936
-1.0708042708183795E-6
0.0
-0.035204028515700404
2.5892593517465404E-7
0.0
0.6149810559669181
-5.980770737216342E-7
0.0
0.5504270421712493
-4.6811025470127477E-7
0.0
0.08092337676705946
-7.618596715229353E-7
0.0
0.26768449278733547
-3.453645796656447E-8
0.0
0.20996253032178328
1.9916415929640067E-7
0.0
-0.5798504194844911
-1.1533946866229993E-6
0.0
-0.22922579362744983
-1.2634046579950016E-7
0.0
0.37400809458918993
-1.6409997677580726E-7
0.0
0.49604710962392495
7.687546190578845E-7
0.0
-0.056385273623135126
-4.3227150058612566E-7
0.0
-0.6763967507212014
2.669792043863678E-8
0.0
0.49911418189114537
7.793740393724614E-7
0.0
-1.410916576163609
2.571562219466328E-7
0.0
-0.5698398111961925
-1.4151194129057943E-6
0.0
0.37426446136881053
-8.040318403599229E-7
0.0
-9.243627364446366E-4
-8.655420990333128E-7
0.0
-1.129440434288232
1.3753859143886984E-7
0.0
-0.3637839749617231
7.222282243495844E-7
0.0
-0.10025699718812463
3.8624277723943955E-7
0.0
1.1286474457682079
-1.4296346791544794E-7
0.0
-0.7110896071380669
1.391733838695054E-6
0.0
-0.03588497324748724
-4.255953446045907E-7
0.0
-0.6442573894932753
-2.7422230612557687E-6
0.0
0.10929664627569678
-3.984019667192287E-7
0.0
0.34012945538997585
2.0941358636106216E-6
0.0
-0.6884702218089733
-3.7364229476167496E-7
0.0
0.49812018094734867
-1.2322119707288522E-6
0.0
-0.3081959419786656
-2.7718276358420404E-7
0.0
-0.7182325144841617
-8.007153304502596E-8
0.0
-0.30170611329143426
-8.734577023595792E-8
0.0
0.3793243073844082
9.659660454716615E-7
0.0
0.6269124534388572
-3.003048549250817E-8
0.0
0.6511399316749111
-1.0701869618861881E-7
0.0
-0.36672280653835604
-1.9131736845660569E-7
0.0
-0.3711497507055937
-6.281819791373363E-7
0.0
0.6939140750477679
8.117278866137773E-7
0.0
0.30399609691250523
7.120476434938289E-7
0.0
0.2280393210712906
1.2863016979292234E-8
0.0
0.5343737547751742
-6.24747545204418E-7
0.0
-0.4813632263994681
8.047997935221368E-7
0.0
0.03346902503436603
5.809039092535423E-7
0.0
-0.822594399081103
8.12762560323523E-8
0.0
-0.8605268137593692
2.1141698379353785E-7
0.0
0.0871574865141139
6.305546503609149E-8
0.0
0.8999103763005813
7.13764063870772E-8
0.0
0.2793202942792258
-4.691303001438877E-7
0.0
1.1023691135225357
-1.0441788149785896E-6
0.0
-0.3458443916937143
8.703703575386255E-7
0.0
-0.2160434097584381
-2.129111785998805E-7
0.0
0.32941426579400457
1.9745461223064595E-7
0.0
-0.2542029044335488
1.2945517267002568E-6
0.0
-0.979258041411739
1.7662194421680227E-6
0.0
-0.038018781468613615
1.7828013213330452E-7
0.0
0.15017436560506525
8.365396084794007E-8
0.0
-0.4066883226264726
2.48813841298042E-7
0.0
-1.108962569704971
-1.0605527384941866E-7
0.0
-0.30001070886851927
8.610346161986055E-7
0.0
0.36061574402686836
5.254834114142584E-7
0.0
0.187608750846383
5.614109767414528E-7
0.0
-0.38292592112926466
6.816010455273457E-7
0.0
0.2683492777902519
8.8605523460765E-8
0.0
-0.9557176492154726
-1.4340207765334073E-6
0.0
0.641064193434002
-3.370683741551359E-7
0.0
-1.1174041183972927
-2.0012144457006733E-7
0.0
-0.09833076972079068
9.6475249369537E-7
0.0
-0.7407667872798073
3.12555284820283E-7
0.0
-0.40243317625341773
-7.115480418737528E-7
0.0
-0.9324159653162062
-3.815137606443007E-7
0.0
-0.15338227299312296
3.2889102931283145E-7
0.0
-0.4837007515596772
-5.648383862669103E-7
0.0
-1.0192880059174614
5.713573721378904E-7
0.0
-1.0847999709468232
-2.7175867125343786E-7
0.0
0.30667096714998904
2.8782578512971773E-9
0.0
0.3265739446429121
-6.303024776103167E-7
0.0
-0.03429653541914841
-8.10044099892564E-7
0.0
-0.09887208400027472
-3.416042034091607E-7
0.0
0.7598987372735451
-8.982431981701735E-7
0.0
-0.04636425981943617
-3.4720608203658634E-7
0.0
-0.07523167266431532
9.041380988287729E-7
0.0
-0.3374846781264036
6.834945162279367E-8
0.0
0.42656588179258675
6.016397350222977E-7
0.0
-0.7483992093117731
6.326941114062363E-8
0.0
0.46928119974468313
2.0744097212918154E-7
0.0
1.0540869625716196
4.366505986077774E-8
0.0
-0.5916902272710696
-2.0541175191422112E-7
0.0
0.20460619422855628
7.020002314983472E-7
0.0
0.48398664560127513
7.444481206720278E-8
0.0
-0.571404019456346
-8.522262396535145E-9
0.0
-0.6242152776935721
-2.9430889386004306E-7
0.0
0.7225433804790254
-3.3513504452451906E-7
0.0
-0.9002243059727324
-2.7213556017885305E-8
0.0
0.693457262465425
-5.851055030248025E-7
0.0
0.9420108885724742
1.3859838466370338E-7
0.0
0.25351092087112453
1.0753180448139022E-6
0.0
0.15062026858454058
5.457386061359299E-7
0.0
0.03767262865517228
5.502271588524646E-7
0.0
0.8189537624166823
-2.356483544385754E-7
0.0
-0.42585048672462894
-4.811125911002505E-7
0.0
0.3450108196146697
-2.732531915038273E-7
0.0
-0.688446459993809
-4.573055862511353E-8
0.0
0.7379455283188231
-9.596648514156697E-7
0.0
-0.7804899254188015
2.679369841323427E-7
0.0
0.22982791199890396
1.9358466330688615E-6
0.0
-0.4585134965369698
3.077952337208376E-7
0.0
1.0279933678504571
-1.344910884704106E-6
0.0
1.2503173480919085
3.561634922414225E-7
0.0
0.49412095501329584
1.1531835225544068E-6
0.0
-0.3140300901025229
1.986704781523483E-7
0.0
-0.9330481385414964
8.724412283996723E-8
0.0
-0.5842319096193355
-5.949464394205282E-8
0.0
-0.07809961678082603
-6.258910655260188E-7
0.0
0.0014877638822686748
3.1938265972391156E-8
0.0
-0.3090401929019933
1.0701869618861881E-7
0.0
0.9154258079348333
1.9131736845660569E-7
0.0
0.2429189870660156
6.281819791373363E-7
0.0
-0.5855781072866679
-8.117278866137773E-7
0.0
0.4887223472262728
-7.120476434938289E-7
0.0
-0.542191198172938
-1.2863016979292234E-8
0.0
0.010631186560229417
6.24747545204418E-7
0.0
0.7912785576076381
-8.047997935221368E-7
0.0
-0.09621045726633234
-5.809039092535423E-7
0.0
1.1556622913487578
-8.12762560323523E-8
0.0
0.8655492947319053
-2.1141698379353785E-7
0.0
-0.10213823290342972
-6.305546503609149E-8
0.0
-0.4747799742184347
-7.13764063870772E-8
0.0
-0.3298178926284572
4.691303001438877E-7
0.0
-0.8376005511144485
1.0441788149785896E-6
0.0
0.409651816957065
-8.703703575386255E-7
0.0
-0.36659107215419146
2.129111785998805E-7
0.0
0.27219724535103007
-1.9745461223064595E-7
0.0
0.4540993102560927
-1.2945517267002568E-6
0.0
0.8926174163185393
-1.7662194421680227E-6
0.0
-0.45244469305526525
-1.7828013213330452E-7
0.0
-0.23070633324954254
-8.365396084794007E-8
0.0
0.8517405001672973
-2.48813841298042E-7
0.0
1.4252854584139227
1.0605527384941866E-7
0.0
0.5043415789557919
-8.610346161986055E-7
0.0
-0.4796363161520826
-5.254834114142584E-7
0.0
0.5321201620254257
-5.614109767414528E-7
0.0
0.6294412383334839
-6.816010455273457E-7
0.0
-0.003943087457511339
-8.8605523460765E-8
0.0
0.5018871190162817
1.4340207765334073E-6
0.0
-0.577334832841019
3.370683741551359E-7
0.0
0.8694902375839095
2.0012144457006733E-7
0.0
-0.18606176979860287
-9.6475249369537E-7
0.0
0.7469958780204288
-3.12555284820283E-7
0.0
-0.1645848484659399
7.115480418737528E-7
0.0
1.1130927048272996
3.815137606443007E-7
0.0
0.4259623992132737
-3.2889102931283145E-7
0.0
0.5008251684272578
5.648383862669103E-7
0.0
0.6589464594651133
-5.713573721378904E-7
0.0
1.0521413507547401
2.7175867125343786E-7
0.0
0.21659450093289434
-2.8782578512971773E-9
0.0
-0.2714466194337464
6.303024776103167E-7
0.0
-0.24946019579130363
8.10044099892564E-7
0.0
0.35369391011369383
3.416042034091607E-7
0.0
-0.42418003900987705
8.982431981701735E-7
0.0
0.9080768180889633
3.4720608203658634E-7
0.0
0.5166409744410598
-9.041380988287729E-7
0.0
1.0645805740518859
-6.834945162279367E-8
0.0
-0.7864235012479132
-6.016397350222977E-7
0.0
0.6862426708808227
-6.326941114062363E-8
0.0
-0.48302464789495053
-2.0744097212918154E-7
0.0
-0.8431382810828488
-4.366505986077774E-8
0.0
0.5826719119591575
2.0541175191422112E-7
0.0
-0.301860067784843
-7.020002314983472E-7
0.0
-0.0613119161667356
-7.444481206720278E-8
0.0
0.4080468043252933
8.522262396535145E-9
0.0
0.7525959687762005
2.9430889386004306E-7
0.0
-0.5726929178870391
3.3513504452451906E-7
0.0
1.0815165859084341
2.7213556017885305E-8
0.0
-0.8458644944931221
5.851055030248025E-7
0.0
-0.8067588753445946
-1.3859838466370338E-7
0.0
-0.4408563656290648
-1.0753180448139022E-6
0.0
0.3040588398277477
-5.457386061359299E-7
0.0
0.4726036337623684
-5.502271588524646E-7
0.0
-0.09328801485354483
2.356483544385754E-7
0.0
0.12169688671662789
4.811125911002505E-7
0.0
-0.3328387418149564
2.732531915038273E-7
0.0
0.687889621478167
4.573055862511353E-8
0.0
-0.035729705439207
9.596648514156697E-7
0.0
0.3125860506791107
-2.679369841323427E-7
0.0
-0.30393148555829874
-1.9358466330688615E-6
0.0
0.0785253568952528
-3.077952337208376E-7
0.0
-0.34351706490808526
1.344910884704106E-6
0.0
-1.557808250246135
-3.561634922414225E-7
0.0
-1.1908622359888925
-1.1531835225544068E-6
0.0
-0.41010006803996424
-1.986704781523483E-7
0.0
0.7706598551972947
-8.724412283996723E-8
0.0
0.893040617064169
5.949464394205282E-8
0.0
0.3574900629726417
6.258910655260188E-7
0.0
-0.29436375439308654
-3.1938265972391156E-8
0.0
0.9286628921458685
-1.1063479164230856E-7
0.0
-0.1118902129435407
6.860843574909147E-7
0.0
1.1074811215700187
-1.2350404190969787E-6
0.0
-0.578241422088211
1.2460104447614756E-6
0.0
0.506896357624139
1.3551802059780472E-6
0.0
0.6621161731138699
-1.968087017722637E-7
0.0
0.026385088574714957
-1.6206482306111288E-6
0.0
0.5891110747916852
1.1839727126037123E-6
0.0
-0.050871720261600056
1.1711802390023614E-6
0.0
-0.11040861439421742
-9.153854538882109E-8
0.0
-1.543646178591268
-1.0657570113079304E-6
0.0
-0.022447789976445774
1.5918915482842918E-7
0.0
0.6774335242206049
-5.522642978907983E-7
0.0
-0.22141483564895623
-6.430111814503808E-7
0.0
-0.4899464083030867
-1.6063221767343998E-6
0.0
-0.645737241598476
1.0088647211486314E-6
0.0
0.513378114659756
-4.643895094236485E-7
0.0
1.6653861680874884
8.715141853861397E-7
0.0
0.4386515068734285
1.9868702503535497E-6
0.0
0.533309279416412
2.001837418289898E-6
0.0
0.6314009153542903
2.70516391776386E-7
0.0
0.4434938842053666
2.931401398466536E-7
0.0
1.0529704116499836
5.174628423476579E-7
0.0
-0.033403287798494045
-4.509143056829746E-7
0.0
-1.754500638150615
1.2809951170014405E-6
0.0
0.3712121894459481
1.6479342022381633E-6
0.0
-0.6294502949401235
1.2364023715165067E-6
0.0
0.6953325348035345
1.4671476190382763E-6
0.0
-0.029708254181116608
1.5655566353675825E-7
0.0
-1.2056129230168908
-1.6257003721799175E-6
0.0
0.4801107522496593
-3.9610878901508933E-7
0.0
-0.9010363565989647
2.9445414607514823E-7
0.0
-0.04469474562952996
1.8550122116837434E-6
0.0
-1.9058533089534224
1.151372031064631E-6
0.0
0.7363525131405211
-9.144472944942584E-7
0.0
-0.7215848501075206
-7.602398852842849E-7
0.0
-0.5381957076308351
1.061418510102979E-6
0.0
-0.578952732218209
-6.219969291036076E-7
0.0
0.1809355840961492
9.655873814457614E-7
0.0
-1.0034275368266112
-1.18986560446157E-6
0.0
-0.12932720923198956
4.888397922385157E-9
0.0
-0.3974997244492552
-1.2656254681260756E-6
0.0
-0.1295082449557172
-1.4013526442512835E-6
0.0
-0.11023888290338976
-7.752839332814854E-7
0.0
0.338721984806038
-1.1610472574659225E-6
0.0
0.9305963859652241
-7.772397499861658E-7
0.0
-0.10087432942475291
1.365269857722454E-6
0.0
0.025159168737842817
-2.793887868718751E-7
0.0
-0.6944713766218188
8.997684108961254E-7
0.0
-1.6416803474668265
7.733899796357684E-7
0.0
0.4799218303623109
9.885517758637422E-7
0.0
-0.7053364574978004
1.5980818860857064E-7
0.0
0.9574799730865057
-2.710732102907541E-7
0.0
-0.5253428156937818
1.2782716611231987E-6
0.0
0.34367453217438404
1.6994294720676481E-7
0.0
0.29392718308912363
1.7852877727237116E-7
0.0
0.6200527360982431
-8.449468779072224E-7
0.0
0.8604002812002899
9.653665197364124E-7
0.0
-0.20175211796128875
-2.987155102977045E-8
0.0
1.0048494758262836
-1.0185756034790287E-6
0.0
-1.5272167616519579
-2.966989830137675E-7
0.0
-0.9755375786082268
1.4650273659838472E-6
0.0
0.22751484554560586
1.3666053608763298E-6
0.0
-0.9872095946657007
9.205904896380519E-7
0.0
1.265189382760035
4.3198856542185245E-7
0.0
0.1968276110816316
-1.0576884849159276E-6
0.0
-0.8609953760966443
-8.850877169781113E-7
0.0
-0.9149069013761233
2.530940627291583E-7
0.0
-0.39634484737004066
-1.4660097768118156E-6
0.0
0.5007815668861819
4.4307337309147216E-7
0.0
0.9188333391317287
2.8658182341140695E-6
0.0
-0.24269121855971998
4.922526856675827E-7
0.0
0.8881234038560811
-2.491594240871043E-6
0.0
0.5026949913691122
7.780719064905462E-7
0.0
-0.15513967921214744
1.5671580026999574E-6
0.0
0.36592554809993855
3.024956767713645E-7
0.0
0.7715133807402699
3.287917460665627E-7
0.0
0.6846375877580698
8.812108041747836E-8
0.0
0.25028330867471216
-1.2061510050028802E-6
0.0
-0.43889192249983394
4.519653034160201E-8
0.0
-1.08462392083666
-7.984082041228119E-8
0.0
0.40586078119597147
4.331691898268816E-7
0.0
0.45052410498408496
-4.676041313863996E-7
0.0
-0.6912065979802006
5.366859890149524E-7
0.0
-1.0706205695191984
8.151365172771786E-7
0.0
0.6347865717214125
-3.6055140281575324E-9
0.0
-0.9388658445621308
-8.999367413789871E-7
0.0
0.17322680799131543
5.724919461223905E-7
0.0
-7.932716488757802E-4
8.819145438338616E-7
0.0
-0.15855440041223431
-8.948787730139782E-8
0.0
-0.5896493145466497
-3.0781042827490313E-7
0.0
0.3724441329010864
5.5029842201619894E-8
0.0
-0.314066131004415
-4.0679046793183233E-7
0.0
-0.18504535449428905
-4.839660910361374E-7
0.0
-0.28054211126509365
-8.109187354775859E-7
0.0
0.4759517401918248
7.31078389379889E-7
0.0
-0.35712021057145377
-2.817250454820257E-7
0.0
0.32350910643482256
8.774435488114583E-8
0.0
-0.8776051291877361
1.4136843283267438E-6
0.0
-0.0994109075946205
1.6436893542960678E-6
0.0
-0.8338182353846014
1.9477403460770602E-7
0.0
-0.07726185005118313
2.0876741984716502E-7
0.0
0.0588099163041472
2.405264628035727E-7
0.0
-0.37359167983923935
-2.6908975507967006E-7
0.0
0.13286058935726294
8.359342229117056E-7
0.0
-0.7635012919096431
9.535219451492198E-7
0.0
0.23138305531654696
5.821117411630509E-7
0.0
1.031796270324271
1.335187660736896E-6
0.0
-0.09352378113453588
9.45323055226281E-8
0.0
0.5470120354341911
-1.3525868418705817E-6
0.0
-0.9093668432462443
-1.0703272086784711E-7
0.0
-1.0967440798175188
8.844461224006666E-8
0.0
0.853134315151831
1.36072559553703E-6
0.0
-0.5625412162501213
5.876393112062992E-7
0.0
0.08753832027785244
-7.254273548223855E-7
0.0
1.5170913752789694
-2.758554733709134E-7
0.0
0.33725446614132376
5.116591237096599E-7
0.0
0.38236673066612303
-4.122760986302112E-7
0.0
0.3980028604981504
2.918869113255395E-7
0.0
-0.4930629774616945
-2.5979404294228987E-7
0.0
-0.21402058750799483
2.7789388995109865E-9
0.0
-0.3074467775787473
-5.161360707646428E-7
0.0
0.9053956728428804
-9.857529633923843E-7
0.0
0.22299357912267856
-2.1969013203057618E-7
0.0
-1.0709487533344477
-7.105995557569149E-7
0.0
-0.6539050021120558
-3.639231067417684E-7
0.0
-0.38735150404607
9.502186112021419E-7
0.0
-0.43739444462931654
-1.4938739925184757E-7
0.0
-1.1542083363682372
3.3720402028470514E-7
0.0
-0.09304771477839253
3.007529385212313E-7
0.0
0.21642062350678737
5.703949997231268E-7
0.0
0.1283760984434872
2.9892265529856764E-8
0.0
2.1426342961493594
2.8166386058490245E-8
0.0
0.610611546233797
8.412241822231877E-7
0.0
-0.2713405611376518
1.209228511625214E-7
0.0
0.25373139209555473
1.6944510520987468E-7
0.0
0.2949326318389911
-7.141347003988177E-7
0.0
-0.38094479859455826
1.2293087257300057E-7
0.0
0.41798592077595254
-2.4615676749521154E-8
0.0
-0.9983322712329418
-5.470276714826643E-7
0.0
-0.5099561462679898
-2.819153692254567E-7
0.0
-0.3576863839937067
1.4227380493252304E-6
0.0
-0.9415652278592904
6.352229974500828E-7
0.0
0.3492944342337249
6.631778549249231E-7
0.0
-0.8213391898558673
-1.3641166608597622E-7
0.0
-0.019905663106276648
-5.449326188797036E-7
0.0
0.2702345450084405
-3.2777443239719886E-7
0.0
1.1592561725647603
1.6235092164989516E-7
0.0
-0.8516694438105099
-1.3739955899133284E-6
0.0
-0.5621138266886261
2.54804784359955E-7
0.0
1.0146563086428069
2.7604566400269656E-6
0.0
-0.8262173642938617
4.2025172960632497E-7
0.0
-0.1382193597497441
-1.6424772639976491E-6
0.0
-0.45253932601590224
3.012062874791882E-7
0.0
0.05251927972691668
1.0341905181468477E-6
0.0
0.3772234897152644
2.8764715459010997E-7
0.0
1.9461379531371807
-6.108766593092931E-8
0.0
1.1602358882535995
8.739912178196188E-8
0.0
0.13547608206443035
-7.628306194173173E-7
0.0
0.26043287715984914
3.679024568237505E-8
0.0
-0.15538223839022824
-1.2033003891109796E-7
0.0
-0.3592806813706445
7.617458215272381E-7
0.0
0.7959712995480904
-1.1764051306943121E-6
0.0
0.3557080432089271
9.217577137184543E-7
0.0
0.08677380713169505
1.2319553883046102E-6
0.0
0.08554058429158337
-1.4609924296972876E-7
0.0
0.11018389439621179
-1.5304962447294253E-6
0.0
-0.23310659500663314
9.948907778506113E-7
0.0
-0.8061030025691904
1.0556985402348489E-6
0.0
-0.051496040262041645
-9.222297530332956E-8
0.0
1.389922763902314
-5.660415365232826E-7
0.0
0.0072998515995051135
1.5430571577218713E-7
0.0
-2.105025494723633
-4.5464767718108066E-7
0.0
0.2828906545652221
-5.749811489935975E-7
0.0
1.1874436501714902
-1.131305181478885E-6
0.0
-0.046673932518586495
1.0522391617667816E-6
0.0
0.22421595999428717
-4.200581306841882E-7
0.0
0.3679982452201913
3.5662313617510317E-7
0.0
0.2474549379954598
1.7635809269123798E-6
0.0
0.4123233907870948
2.0315818561204417E-6
0.0
-0.07669726521055995
2.8082214569022163E-7
0.0
0.2881809921380588
2.7499721990139477E-7
0.0
-0.592938577097949
2.825366220352159E-7
0.0
0.1656436080689176
-5.132303458742111E-7
0.0
-0.118001796087223
1.3216821858665378E-6
0.0
0.614672477608706
1.435182672388814E-6
0.0
-0.32312991842325545
1.2036031741324894E-6
0.0
-1.0245410360848226
1.7404253021994464E-6
0.0
0.24629350025896288
1.4054088834072065E-7
0.0
-0.11872761301427998
-1.6864344550927054E-6
0.0
0.11856964475114178
-4.020402597248214E-7
0.0
0.6537938537488849
2.498022903031007E-7
0.0
-0.6397136494797032
1.7605277672693357E-6
0.0
1.684527363105434
9.803424180883052E-7
0.0
-0.23033590452548278
-7.858906447269568E-7
0.0
0.251048477927212
-7.896585160406361E-7
0.0
0.5261185445870773
8.329402533308256E-7
0.0
0.32948831659927336
-6.905500064808682E-7
0.0
0.7800878938095568
8.628791337266141E-7
0.0
-0.851875753896389
-8.793186658115939E-7
0.0
-0.06738087305144454
4.50745369686298E-9
0.0
-1.363993172104084
-9.825546322691749E-7
0.0
-1.417373931358017
-1.1494445723907751E-6
0.0
0.8699825630532522
-9.311872391382933E-7
0.0
0.004981004902275623
-1.1328137259078697E-6
0.0
1.002142420491548
-6.337868401304482E-7
0.0
-0.3091800341995615
1.2145183557822103E-6
0.0
0.6687017020553596
-2.7160685279172704E-7
0.0
-0.017771577678286736
6.926130111289877E-7
0.0
1.470113117079473
5.306383075369422E-7
0.0
-0.703203946860581
8.076406612899269E-7
0.0
-0.7772668038548949
1.2170978476951324E-7
0.0
-0.3321001386433235
-2.2844001567727214E-7
0.0
-0.25166453391973903
1.3118197745982823E-6
0.0
0.4111801543737684
1.7702437483389495E-7
0.0
-0.07807216200325943
1.8537816040216053E-7
0.0
-0.45684403454462075
-9.846187419927452E-7
0.0
-0.05464723683994201
7.021144463319091E-7
0.0
0.9680098380812499
-5.318367848704932E-8
0.0
-0.3792508999085867
-1.081287001325892E-6
0.0
-0.5541048554315162
-3.077344295679519E-7
0.0
-0.031209943065170293
1.51235576935291E-6
0.0
-0.3002817227176166
1.148989293976125E-6
0.0
-0.10667745920064864
9.90962012870921E-7
0.0
-0.08427910071381663
5.8104142082998423E-8
0.0
-0.5351318859106056
-8.342949704077673E-7
0.0
0.5297959715117408
-4.6990938473231816E-7
0.0
0.019734978731213583
2.115888049318246E-7
0.0
0.32143383918235896
-1.5786911499496796E-6
0.0
-0.4787567168823723
5.440019552912496E-7
0.0
-0.1544785464391727
3.048434077743152E-6
0.0
0.2403295563962238
5.218133067845177E-7
0.0
0.06483645584259198
-2.44696922420223E-6
0.0
0.8110305797272753
5.950171430386707E-7
0.0
1.321707547609073
1.260779680469794E-6
0.0
-0.3683559660086974
3.182653619952594E-7
0.0
0.004234876925157296
1.6012779385638436E-7
0.0
-1.176356791963295
1.142997117841408E-7
0.0
-0.26859071893271463
-1.1581644678364215E-6
0.0
-0.6851645181496336
4.788445955358E-8
0.0
-0.8928542693412072
8.695870529755089E-8
0.0
0.4036754309800001
2.9753885139150373E-7
0.0
-0.7779748995760197
-2.4304744997345304E-7
0.0
-0.23693881722919893
-5.755129374962466E-7
0.0
0.8497364879196667
-6.565569786554618E-7
0.0
-0.01274605154151506
-5.067123530192615E-9
0.0
0.5144400537595055
-9.25049559805959E-7
0.0
0.6125148548145958
-7.938693070234457E-7
0.0
0.13539876757320682
1.0183836962686376E-7
0.0
-0.05306939007888377
-9.008283233297111E-8
0.0
-0.2731378757109894
1.2769481235755642E-7
0.0
-0.23163370013462733
-6.4234393715830655E-9
0.0
0.6638467702896551
-2.9536190979779962E-8
0.0
-0.4278129733640457
1.148182634900617E-7
0.0
0.35038195942225436
-1.239451611310896E-7
0.0
0.3127820333622741
-2.996008846788866E-7
0.0
0.02266380167703301
1.3362421597725997E-7
0.0
0.47565553452721765
-7.744511960417378E-7
0.0
0.30112005425066407
-8.621822224427387E-7
0.0
-0.8134518653578489
-6.953411726053059E-7
0.0
0.8620150390182807
2.4703887110904083E-7
0.0
0.25154447552132286
2.4615413997404974E-8
0.0
0.015634613752641337
4.5631041021828155E-8
0.0
0.15718763836660404
-1.465207612263549E-7
0.0
-0.593755527199572
-1.0395778075387462E-6
0.0
1.019150877958355
-3.8596659559295196E-7
0.0
0.7734543726442473
-3.935651695383595E-7
0.0
-0.4178499458632979
-3.375780823967418E-7
0.0
0.025999651199686922
-3.180541140906835E-8
0.0
0.4229614617412581
-1.959734877149826E-9
0.0
0.01326462400257988
1.4513694615983594E-7
0.0
1.0807506270983052
2.1562643064849726E-7
0.0
-0.024390196833002368
-3.9219486216801897E-7
0.0
0.13055083554901864
-1.4264162357002908E-7
0.0
1.2397509845601011
7.88835182363698E-7
0.0
-1.5305344716233757
-1.027491338746104E-7
0.0
0.21425810237321968
-3.462780485280749E-7
0.0
0.3639434119003472
5.132254064100797E-7
0.0
-0.8434229727535387
2.0084665657267108E-7
0.0
0.26423726944883164
8.835589990713012E-8
0.0
-0.24226439107905343
-2.0178523198705326E-9
0.0
1.3180979703422413
-1.6381997013408748E-7
0.0
-0.08524199168627442
4.0587307066664414E-7
0.0
-1.1479559725506818
-3.3522019241659353E-7
0.0
-0.16373242311513078
6.270695976354843E-7
0.0
-0.42614080000918664
4.300393076066795E-8
0.0
0.9723110093608398
-4.902958904893803E-7
0.0
-0.4359947293463985
-6.531094967550604E-8
0.0
-0.5808524588063194
-5.491159209524283E-7
0.0
0.8648586272980672
2.947616718846818E-7
0.0
0.12841936772529056
1.1309252232538607E-7
0.0
0.42018569670459693
-2.4497190601387197E-8
0.0
-0.6825625442785965
-2.1646000599901367E-7
0.0
-0.18912640371057923
4.3733904828108117E-7
0.0
0.4585513432317845
-8.320910705109299E-8
0.0
-0.7721758633325547
6.180699617803728E-8
0.0
-0.4545407109733776
-8.88248816375626E-8
0.0
-1.7549498663674574
3.0084338284509777E-7
0.0
0.5594737537582233
4.3014640750371793E-8
0.0
1.6640612398161512
-4.683436697733464E-7
0.0
0.3355875672741699
-2.1626632603545823E-7
0.0
1.529338413987386
-9.135720112300898E-7
0.0
1.029015116867009
-3.847940761091112E-7
0.0
-0.6210470751581652
5.851532843490342E-7
0.0
-0.9973591773636419
-2.1807907769906965E-7
0.0
-0.6205920922948821
-1.5085264628525658E-7
0.0
0.8603289517320114
-2.0262097370362067E-7
0.0
-0.35901667246278635
-5.089624328367847E-9
0.0
1.3414754079596558
5.134420719790883E-7
0.0
-0.7705165224751814
-2.9400409359240064E-7
0.0
-0.8690955459510911
-6.608706536190274E-7
0.0
-0.5659769705894966
2.762208050396194E-7
0.0
0.14838170567036754
1.038493610391817E-6
0.0
-0.979946332011192
1.0975468663372484E-7
0.0
-0.10860591401820092
-3.85763545088115E-7
0.0
-0.6185471878186316
2.3997379168666625E-8
0.0
-0.4334757813721907
-5.102988490143201E-8
0.0
-0.06634304666768495
8.184283552851785E-8
0.0
-0.25289415723260744
3.229149485669593E-7
0.0
-0.592423670531342
-1.3335543018096828E-8
0.0
1.0139432281277196
-1.0507046003091811E-7
0.0
-0.18103076026673373
-5.21315237299932E-7
0.0
0.1858643697164112
5.171529771754858E-7
0.0
0.22281962766398147
4.095693929088812E-7
0.0
-0.5928764013346339
1.7702647910474788E-8
0.0
-0.1409634900608446
1.0822593100978683E-8
0.0
-1.3106983287236194
7.672881785996264E-7
0.0
-0.9961392918845635
5.744486967879855E-7
0.0
0.5367190570628312
-1.3009541913851637E-7
0.0
-1.7981836286342687
8.977988294420242E-8
0.0
0.30842622316571056
2.0326140111074051E-7
0.0
-0.20430221023634476
2.895134684064321E-9
0.0
0.2723521651608173
8.265675611204896E-8
0.0
-0.5364914003673454
-5.523696578998521E-8
0.0
-0.7886198227478854
3.604267153607203E-7
0.0
0.09498531493985758
3.7929406748597836E-7
0.0
-0.04696513086688698
1.637614657540212E-8
0.0
-0.7645314710675187
1.505156314274284E-7
0.0
0.13430442406693602
1.4961062796159577E-7
0.0
-0.44112257821580153
6.776504334351827E-7
0.0
-1.0371454819820514
-1.9832952898275337E-7
0.0
0.5237145144920077
-1.0304530389206598E-7
0.0
0.8615133231643342
-2.6212023987579854E-7
0.0
-0.4920202904665266
2.2212813774143026E-7
0.0
1.2290735789820106
8.42882951288671E-7
0.0
-0.37251831551777037
-1.2740677290977963E-7
0.0
1.169836923154997
2.53646922849671E-7
0.0
-0.26652995802508195
-2.9473564877559826E-9
0.0
0.016094857165469382
1.1010820694870407E-8
0.0
1.2775042118339546
-1.5301171454627885E-7
0.0
0.9235302488440382
-3.014316161221864E-7
0.0
-0.04279396335666908
-1.6782421498713714E-7
0.0
-0.46273705106638274
-1.8600394614506246E-7
0.0
0.9347800191892928
2.3386655745262645E-7
0.0
-0.22839137427171455
-6.37708945617792E-7
0.0
-0.5378736111879008
4.916903154086814E-7
0.0
0.5805692287401388
5.972715279924161E-8
0.0
-0.9791488961558701
-5.192276085383723E-7
0.0
0.30516695240007236
-5.25866054818845E-7
0.0
-0.36284675820728485
5.462886630761986E-7
0.0
0.2518565350841495
1.2401119027924492E-9
0.0
0.6571275785746395
2.571022173556147E-7
0.0
0.32873187641911084
-1.5177447720982761E-7
0.0
0.17225885827316242
6.806126270593627E-7
0.0
0.46076498070519445
-5.666542409357347E-7
0.0
0.4701965735462978
5.155296198150669E-7
0.0
-0.08774268044410219
2.4326540018961216E-7
0.0
0.024226571597584762
-1.1017755888028615E-8
0.0
0.5386537819772357
5.030575402351758E-7
0.0
-0.2107850216478376
-4.1038909237633E-7
0.0
0.4091543140275319
-1.8763868865826486E-7
0.0
-0.40893629838728573
-1.518465838100209E-7
0.0
1.1968746964470276
1.0629289613387192E-8
0.0
0.8628403239880844
-3.024263916469518E-7
0.0
0.05048865499537464
1.7484359447040562E-8
0.0
-0.8725987219394533
-6.861754800288199E-8
0.0
-0.6548568462632072
1.8074633557962774E-7
0.0
-0.4981522863943294
-7.964336590574068E-7
0.0
-0.35345213368229733
-1.7029521314219905E-8
0.0
-0.2206513490626399
6.919805461875032E-7
0.0
0.9067396986245851
2.1396801448191016E-7
0.0
0.34592308069395866
8.860480707835154E-7
0.0
-0.7075518112729531
-2.8014170788578377E-7
0.0
0.6876456982741445
-4.880367461125486E-7
0.0
-0.7873301034699706
-4.037644544348324E-7
0.0
0.2932492147000645
3.396339415450422E-7
0.0
-0.39172004088324275
6.205382927463898E-7
0.0
-0.11781071420271902
-1.2360163058858427E-7
0.0
0.517543376539782
-3.170771244419908E-7
0.0
0.7643689954410644
3.3046140593874033E-7
0.0
-1.322769668581211
3.878515459919637E-7
0.0
0.646327960919401
-4.0885002911604056E-7
0.0
-0.8651107880603828
-7.45750391324274E-7
0.0
0.4501933248086956
-5.913346375794037E-7
0.0
-0.5920035515937948
2.1577359979973035E-7
0.0
-0.9181907321249692
-4.941159405549543E-8
0.0
-0.24547811828655644
-3.103120634863985E-8
0.0
-1.3218625071232368
-1.082901294777689E-7
0.0
0.3429953796001952
-1.5036628795704222E-7
0.0
-0.6208283226401418
-2.5998957912805733E-9
0.0
0.5155080294782936
1.0963913523301831E-7
0.0
-0.5013798796561039
-5.524076609788687E-7
0.0
-0.013461863530258578
8.683147179918859E-7
0.0
-0.0612884375911868
-8.461702009691723E-7
0.0
0.15422317357864876
-9.211392602716163E-7
0.0
-0.5977762071687871
1.1358599639978798E-7
0.0
0.1258574134426397
1.402947532641958E-6
0.0
0.19322949824636831
-8.439782754470848E-7
0.0
0.07861294917224881
-1.0268454245198064E-6
0.0
0.3243536449545567
9.118411579410572E-8
0.0
-0.21772220697799577
5.362175875459398E-7
0.0
-0.2386528054443675
-1.216654693715725E-7
0.0
0.4074424307702576
4.535272926238142E-7
0.0
0.27660380857399086
5.474590412600131E-7
0.0
0.28925216101050477
1.1040215131537466E-6
0.0
0.3274247790854421
-9.572918183674644E-7
0.0
-0.15239071785368494
3.387241076790667E-7
0.0
-0.14015434247756026
-2.3064870394269317E-7
0.0
-0.5102300659564323
-1.4838546370371769E-6
0.0
-0.22922019074496627
-1.886472629845428E-6
0.0
0.04953545793585901
-2.6494063806686703E-7
0.0
0.1961086031399809
-2.3282496323351745E-7
0.0
-0.8616538182982812
-2.746789094441587E-7
0.0
0.07485314870296593
3.858756767072602E-7
0.0
-0.3808615768176768
-1.0806388898432029E-6
0.0
-0.38899491465738806
-1.1744218170911551E-6
0.0
-0.4479327549925725
-9.60733013374453E-7
0.0
0.09238134638215946
-1.400745047696707E-6
0.0
-0.34354361320721555
-1.2361142222863635E-7
0.0
-0.5255531529516664
1.6065643728555443E-6
0.0
-0.1576849827033372
3.5382547985670283E-7
0.0
-0.35241652844892485
-2.2683442142655854E-7
0.0
0.5562520929362925
-1.4660222553923427E-6
0.0
-0.2837885037204862
-9.368595647472775E-7
0.0
-0.8152174690710441
7.582130190992316E-7
0.0
0.5264906422911808
4.789375643872545E-7
0.0
0.14913955950670682
-7.064889971382104E-7
0.0
0.5617049655374605
5.769417454476598E-7
0.0
-0.19695466814375037
-5.984446760839138E-7
0.0
0.9947879131490927
5.647779167440418E-7
0.0
0.10912694955565577
-3.799016700560347E-9
0.0
0.37994733102483913
8.903446413127887E-7
0.0
0.3186764951819721
1.0941505288592088E-6
0.0
0.3871383112078884
5.269229566025286E-7
0.0
0.4314616065722291
9.813483941436526E-7
0.0
-0.702306078201055
4.054720487608825E-7
0.0
-0.25411283332523277
-1.0943254448023458E-6
0.0
-0.6246268385435788
2.5890391482632816E-7
0.0
0.04119706208439377
-6.278423538641884E-7
0.0
-0.25502171369469795
-4.963846017340978E-7
0.0
-0.3563743959057597
-7.640137568479723E-7
0.0
0.6476688353670057
-4.502215483217751E-8
0.0
-1.0977319540094421
2.2572585209838752E-7
0.0
-0.4151132275248696
-1.1887427581929325E-6
0.0
-0.04406068797737274
-1.3405514186637624E-7
0.0
-0.06930546876405815
-1.755138303531872E-7
0.0
-0.0752860511182021
8.172596221189069E-7
0.0
0.29545152544451014
-4.316071874763378E-7
0.0
-0.3448598721187769
2.722859561006301E-8
0.0
0.0789142209491036
8.077511332911427E-7
0.0
0.48801211117976606
2.9621569778690806E-7
0.0
-0.6965464080019114
-1.457532414738471E-6
0.0
0.08352038559826648
-8.28627289435881E-7
0.0
0.09660135677030066
-8.906156318901273E-7
0.0
-0.07298727081458177
8.938749690500907E-8
0.0
0.027709026953239877
7.49378259647871E-7
0.0
0.40577504985721274
4.2161807168828635E-7
0.0
0.0848257139560707
-1.6611417813130865E-7
0.0
-0.6165898221321297
1.4074438563792418E-6
0.0
0.29227629413438666
-4.2611247502967217E-7
0.0
0.24521884632737165
-2.8005632814190416E-6
0.0
-0.5721757166574629
-4.338961659940014E-7
0.0
-0.2722384232728056
2.0960991700011264E-6
0.0
0.25608531617642066
-3.9757179535424213E-7
0.0
-0.43256878826031636
-1.230712752009405E-6
0.0
0.5603771973667502
-2.94331326156635E-7
0.0
-0.8525564745050672
-1.1525692758064864E-7
0.0
0.06069292290679139
-8.779087334477667E-8
0.0
0.47797515741416424
9.848658105489006E-7
0.0
0.365341557780768
-3.7978598922726554E-8
0.0
1.050770926679488
2.9780017405628823E-6
0.0
-1.64953407183223
2.561232330340078E-6
0.0
1.2589348346435372
-2.61518775189857E-6
0.0
-1.2037354518533299
2.2019455936233618E-6
0.0
-1.1991553570597238
-3.26036318797126E-7
0.0
1.1568207191542856
-2.9831898006161393E-6
0.0
1.5896453320697848
1.197825850195468E-6
0.0
-0.9739693756719124
-8.110369583477937E-7
0.0
-0.9223733270330358
-1.601330742387203E-6
0.0
1.341378315505996
3.014276233948082E-6
0.0
1.4089988016160206
2.562360128411949E-6
0.0
-0.40375059125531665
-2.763879943874564E-6
0.0
1.475571812750337
-2.7294046271076948E-6
0.0
0.7740855311441355
2.245073448090729E-6
0.0
1.416521532618097
1.7504066229455315E-6
0.0
-1.121642441425366
-2.037723196423116E-6
0.0
0.3192160831196464
-1.818274994661173E-6
0.0
-1.625514967423435
-3.1196141100665106E-6
0.0
-1.321222949639368
-1.4149598125716961E-6
0.0
-1.4237887363474955
2.7458496156642497E-8
0.0
-1.412717270952365
2.885029255677133E-6
0.0
-0.8400099661258357
-2.7896784421503755E-6
0.0
-0.953632934076962
-2.7785606252680103E-6
0.0
1.499958377442248
1.951425222578047E-6
0.0
-1.1588676226141583
2.120146887706328E-6
0.0
-1.2269213867900182
1.662716314038306E-7
0.0
-1.1102254385080914
2.6621238511419395E-6
0.0
-1.4680704942766798
1.8051645949450349E-6
0.0
-0.09360314864993946
1.1605796257179484E-6
0.0
1.3149220516776583
-9.794683934037422E-7
0.0
1.0980587236920714
2.7068138063179562E-6
0.0
-1.1131498381744547
2.746738302250499E-6
0.0
-1.133015207661319
9.386315416674969E-7
0.0
-1.3588066102776768
2.6003478782830858E-6
0.0
1.171154785644916
-2.2291053524646792E-6
0.0
1.6099008147669733
-2.3490357612755207E-6
0.0
-0.9105381991809671
2.280528947987767E-6
0.0
1.0713034215945947
-2.4451610417937414E-6
0.0
-1.317433810835172
-2.5232927720286717E-6
0.0
1.7343121087529727
1.979143742815148E-6
0.0
-0.0034235120315993573
1.5288960140996026E-6
0.0
1.2299573341590266
2.8006440183706795E-6
0.0
0.7827931818441447
1.105276826097624E-6
0.0
1.5523948684565265
-2.760945027800857E-6
0.0
1.025851391872512
1.5434208150954764E-6
0.0
0.9661297832114436
-2.791028785822851E-6
0.0
-1.0040729946008267
-2.5198434015796553E-10
0.0
1.3866059670534066
2.880151274416089E-6
0.0
-1.0955645615145266
2.34865976654766E-6
0.0
-1.0237539891867582
2.3531393238879463E-6
0.0
-0.9870402463007054
-1.9382097772318275E-6
0.0
-1.2498610110869708
3.053467844884734E-6
0.0
2.2012691057930005
-2.977250993221134E-6
0.0
-1.0693833980354144
-8.82291992302054E-7
0.0
-1.5371522456220212
-2.9982788429391383E-6
0.0
-1.1676932058974312
2.928743586836828E-6
0.0
1.1647047230052279
1.892940756640197E-6
0.0
-1.515018308178072
-2.7879352046283513E-6
0.0
1.1469115485221189
-3.0646801688066156E-6
0.0
1.4015364442963307
1.5645327545522996E-6
0.0
0.8793807851090724
-2.5733417592248203E-6
0.0
-1.4464452313057479
-1.655198105029719E-6
0.0
-1.3976923361245261
1.952186073470764E-7
0.0
-1.208027300176715
-2.069072003836013E-6
0.0
-1.3568425254834162
-3.3484086158012402E-6
0.0
0.8552593048344502
-1.8481011083766774E-6
0.0
1.2170561077055044
2.763602927014147E-6
0.0
-0.7324855991714802
2.78756459257095E-6
0.0
1.0210013496210713
-2.7018096234304633E-7
0.0
-1.2019229223399
2.6792802068200968E-6
0.0
-1.8189864916726164
-4.00566160379825E-7
0.0
-1.293643608936921
-2.695676291151907E-6
0.0
1.671086589400874
-9.418639160223856E-7
0.0
-1.0470830290943776
-1.6175252539815657E-6
0.0
-0.9774860814701214
7.741734489966731E-7
0.0
-0.9687613083786816
2.765503082493651E-6
0.0
-0.7922021098467068
-2.678241723296202E-6
0.0
-0.6894463032578967
2.9405176034218847E-6
0.0
0.6876375121387688
4.1899692392348375E-7
0.0
-1.1210373382333003
3.052775965552459E-6
0.0
0.352038051650056
3.086991626301646E-6
0.0
-1.0
0.0
-1.0
0.0
-1.0
0.0
1.0
0.0
-1.0
0.0
-1.0
0.0
-1.0
0.0
1.0
0.0
-1.0
0.0
1.0
0.0
-1.0
0.0
-1.0
0.0
1.0
0.0
-1.0
0.0
1.0
0.0
-1.0
0.0
-1.0
0.0
-1.0
0.0
-1.0
0.0
1.0
0.0
0.9989551133647339
1.0674103332215698E-7
0.8979729575942925
-1.5535131661278447E-5
-0.32835114772140395
5.4627140895031716E-5
0.8242213278496844
-1.877248266847043E-5
-0.6630555398321006
-3.268111540879059E-5
-0.9821855861409339
1.986706777218563E-6
-0.22864648654396547
7.327051426908017E-5
-0.8530241018612581
-1.29011724706824E-5
-0.4264303149657356
-3.6702680196087635E-5
0.9969042606479133
4.0329624973456165E-7
0.960379814406416
5.322576607230224E-6
-0.912456949681605
-3.2875772714856297E-6
-0.9684202974159679
4.46103199000152E-6
0.6917838876561302
1.963100365971159E-5
-0.0454993771868778
6.875017045831235E-5
-0.752384460567416
-2.367108207697095E-5
-0.5364189952927694
1.1057900051963836E-5
-0.9841157619743689
-2.4915913238610945E-6
-0.4015876469226499
-5.389553706573536E-5
0.4984247990720989
-5.2042808464052554E-5
0.864691817066771
-1.733552033456599E-5
-0.8932186032836382
-8.259097411184787E-6
-0.6877641497194336
-2.444149416723126E-5
0.8988218450948049
1.4015350292503651E-5
0.9663985015174477
-3.72399121534573E-6
-0.6274952065561281
-3.617643217766792E-5
0.802821144127444
-1.9194237483660032E-5
0.7080189694982357
-3.5607263259176055E-5
0.35588956339958355
-3.975865777464917E-6
0.16987316771232885
6.210653868503473E-5
0.978158723436843
2.3073729689293403E-6
0.9888132165580752
-1.204491838846374E-6
-0.04509662162588912
-5.4992576899275E-5
0.9504941054855671
-6.381238449762643E-6
-0.9700119435126376
3.364948305840676E-6
-0.6355935164931293
4.666702290754193E-5
0.8100798378597251
-1.5223525081370695E-5
-0.9739623481919036
2.6779443111554425E-6
-0.4150209072636133
-5.303773322661334E-5
0.6975244776841059
4.330998248172354E-5
0.6916453072022719
-8.689147735945895E-8
0.47991393579173436
4.60421736207326E-5
0.37422141260156483
3.2739996100250135E-5
-0.6198135012027159
4.649575347378561E-5
0.7849047663371582
1.915521837154876E-5
-0.40724445382821595
3.9195115521999695E-5
-0.536751571385587
-3.476474966548945E-5
0.9880203135562986
1.6060971723180476E-6
0.9568364212777278
-4.5004707963710105E-6
0.683181780743453
-2.6551347885304335E-5
-0.7024158006552979
-2.432009602582646E-5
0.9259462848750275
-8.669716816001612E-6
-0.9559346622235505
9.227307370570614E-6
-0.053535276674330334
-5.186073569154738E-5
-0.9844108970111433
-2.3127109049794636E-6
0.9732769448778429
-2.994706430236571E-6
0.7644690534959304
2.3541472026636698E-5
-0.7945318223776593
-2.716859821403068E-5
-0.9977623486706807
2.4935534534440074E-7
-0.18804108918802487
6.575361951269777E-5
-0.956665000200638
3.6264605842070077E-6
-0.9206722578509182
-1.0718683426297396E-5
-0.649535390048657
-3.929827095651294E-5
-0.3558822086873118
-5.131182733820942E-5
-0.9718190320835609
-3.6669278081856756E-6
-0.17072855712573753
4.038333407563225E-5
0.533067731591119
4.237195153548592E-5
0.9688054147118583
-2.187928303247237E-6
-0.6447495768138176
2.9013848110767242E-5
0.9918850327930535
-9.448810146630434E-7
-0.3700988169064998
-7.635076453673165E-5
-0.6874618079413054
-3.318218381092125E-5
-0.7781270273311643
3.206309960013631E-5
-0.2416837991060734
-4.7950624515888425E-5
-0.1272431183422078
-4.67707814486212E-5
0.8674490661097991
-1.166269958113562E-5
-0.9237782983271717
-5.649637805490229E-6
0.9811787364907554
-1.2503327917180588E-6
0.5109395574852114
2.4712939566037202E-5
0.9879944768613051
-1.3012741089137165E-6
-0.6494307497142149
9.727059249720743E-5
